SRT-MS-050 Multi-Step Reflectance Target				
This data is for reference only				
250	0.9647	0.4405	0.2178	0.1231
251	0.9654	0.4400	0.2176	0.1228
252	0.9660	0.4402	0.2171	0.1227
253	0.9666	0.4396	0.2164	0.1219
254	0.9667	0.4390	0.2160	0.1216
255	0.9681	0.4385	0.2159	0.1216
256	0.9684	0.4389	0.2155	0.1218
257	0.9679	0.4382	0.2149	0.1210
258	0.9674	0.4371	0.2145	0.1211
259	0.9694	0.4373	0.2144	0.1206
260	0.9698	0.4366	0.2143	0.1205
261	0.9699	0.4361	0.2139	0.1198
262	0.9702	0.4366	0.2136	0.1201
263	0.9718	0.4366	0.2134	0.1198
264	0.9722	0.4361	0.2131	0.1196
265	0.9723	0.4356	0.2129	0.1195
266	0.9729	0.4360	0.2129	0.1189
267	0.9726	0.4360	0.2124	0.1190
268	0.9742	0.4361	0.2124	0.1186
269	0.9746	0.4348	0.2124	0.1188
270	0.9752	0.4351	0.2124	0.1185
271	0.9758	0.4347	0.2123	0.1184
272	0.9753	0.4346	0.2118	0.1180
273	0.9768	0.4355	0.2122	0.1180
274	0.9775	0.4347	0.2123	0.1178
275	0.9778	0.4349	0.2117	0.1177
276	0.9785	0.4342	0.2114	0.1174
277	0.9788	0.4347	0.2111	0.1173
278	0.9801	0.4348	0.2111	0.1173
279	0.9798	0.4351	0.2111	0.1170
280	0.9804	0.4344	0.2111	0.1172
281	0.9813	0.4344	0.2108	0.1169
282	0.9818	0.4342	0.2105	0.1167
283	0.9833	0.4345	0.2107	0.1164
284	0.9834	0.4344	0.2104	0.1162
285	0.9834	0.4341	0.2101	0.1161
286	0.9838	0.4338	0.2102	0.1161
287	0.9841	0.4339	0.2101	0.1160
288	0.9848	0.4344	0.2101	0.1159
289	0.9851	0.4338	0.2100	0.1158
290	0.9856	0.4332	0.2100	0.1155
291	0.9861	0.4335	0.2099	0.1154
292	0.9856	0.4335	0.2097	0.1157
293	0.9866	0.4337	0.2100	0.1157
294	0.9865	0.4339	0.2098	0.1156
295	0.9865	0.4336	0.2094	0.1154
296	0.9864	0.4330	0.2093	0.1152
297	0.9858	0.4332	0.2091	0.1148
298	0.9869	0.4338	0.2092	0.1154
299	0.9873	0.4332	0.2092	0.1151
300	0.9872	0.4336	0.2092	0.1149
301	0.9872	0.4333	0.2089	0.1145
302	0.9869	0.4330	0.2086	0.1145
303	0.9866	0.4328	0.2085	0.1145
304	0.9866	0.4324	0.2086	0.1146
305	0.9875	0.4329	0.2089	0.1148
306	0.9874	0.4326	0.2088	0.1143
307	0.9878	0.4330	0.2087	0.1142
308	0.9879	0.4324	0.2086	0.1141
309	0.9877	0.4324	0.2083	0.1139
310	0.9876	0.4326	0.2083	0.1138
311	0.9878	0.4323	0.2082	0.1138
312	0.9877	0.4319	0.2080	0.1135
313	0.9889	0.4328	0.2083	0.1137
314	0.9893	0.4322	0.2082	0.1138
315	0.9887	0.4322	0.2079	0.1136
316	0.9880	0.4323	0.2077	0.1138
317	0.9885	0.4322	0.2078	0.1133
318	0.9895	0.4325	0.2082	0.1136
319	0.9914	0.4317	0.2073	0.1133
320	0.9916	0.4318	0.2067	0.1134
321	0.9899	0.4322	0.2067	0.1137
322	0.9909	0.4315	0.2065	0.1135
323	0.9923	0.4327	0.2067	0.1137
324	0.9920	0.4318	0.2069	0.1134
325	0.9910	0.4322	0.2065	0.1126
326	0.9908	0.4317	0.2066	0.1132
327	0.9908	0.4319	0.2064	0.1132
328	0.9919	0.4321	0.2066	0.1133
329	0.9922	0.4315	0.2067	0.1131
330	0.9918	0.4326	0.2067	0.1129
331	0.9908	0.4330	0.2066	0.1132
332	0.9910	0.4313	0.2065	0.1125
333	0.9918	0.4323	0.2065	0.1125
334	0.9931	0.4317	0.2065	0.1124
335	0.9938	0.4322	0.2067	0.1128
336	0.9931	0.4327	0.2070	0.1129
337	0.9927	0.4329	0.2068	0.1126
338	0.9944	0.4322	0.2069	0.1125
339	0.9931	0.4324	0.2068	0.1128
340	0.9938	0.4328	0.2069	0.1127
341	0.9927	0.4328	0.2067	0.1120
342	0.9927	0.4327	0.2067	0.1124
343	0.9919	0.4323	0.2066	0.1123
344	0.9913	0.4325	0.2065	0.1122
345	0.9929	0.4330	0.2068	0.1125
346	0.9937	0.4327	0.2069	0.1124
347	0.9944	0.4329	0.2069	0.1124
348	0.9957	0.4335	0.2074	0.1122
349	0.9937	0.4333	0.2071	0.1122
350	0.9931	0.4339	0.2069	0.1123
351	0.9930	0.4337	0.2070	0.1123
352	0.9930	0.4342	0.2067	0.1120
353	0.9939	0.4337	0.2068	0.1118
354	0.9938	0.4336	0.2069	0.1116
355	0.9928	0.4335	0.2072	0.1116
356	0.9929	0.4339	0.2069	0.1120
357	0.9927	0.4340	0.2070	0.1115
358	0.9919	0.4342	0.2071	0.1120
359	0.9920	0.4335	0.2072	0.1121
360	0.9918	0.4337	0.2073	0.1118
361	0.9933	0.4340	0.2074	0.1117
362	0.9923	0.4338	0.2076	0.1116
363	0.9926	0.4339	0.2075	0.1116
364	0.9924	0.4346	0.2077	0.1114
365	0.9945	0.4351	0.2084	0.1118
366	0.9933	0.4347	0.2082	0.1118
367	0.9918	0.4353	0.2079	0.1117
368	0.9933	0.4356	0.2086	0.1116
369	0.9925	0.4356	0.2086	0.1116
370	0.9921	0.4360	0.2089	0.1116
371	0.9926	0.4359	0.2091	0.1115
372	0.9924	0.4363	0.2091	0.1115
373	0.9925	0.4360	0.2094	0.1118
374	0.9922	0.4358	0.2097	0.1119
375	0.9913	0.4361	0.2102	0.1122
376	0.9921	0.4370	0.2110	0.1119
377	0.9918	0.4371	0.2120	0.1115
378	0.9922	0.4365	0.2111	0.1118
379	0.9916	0.4359	0.2089	0.1118
380	0.9901	0.4357	0.2075	0.1115
381	0.9899	0.4359	0.2076	0.1116
382	0.9902	0.4359	0.2076	0.1113
383	0.9891	0.4359	0.2074	0.1113
384	0.9893	0.4362	0.2076	0.1113
385	0.9910	0.4369	0.2078	0.1115
386	0.9904	0.4370	0.2080	0.1115
387	0.9908	0.4370	0.2082	0.1113
388	0.9903	0.4370	0.2080	0.1113
389	0.9909	0.4372	0.2081	0.1112
390	0.9900	0.4373	0.2082	0.1113
391	0.9906	0.4375	0.2082	0.1113
392	0.9902	0.4378	0.2082	0.1113
393	0.9904	0.4379	0.2084	0.1113
394	0.9904	0.4377	0.2085	0.1111
395	0.9914	0.4383	0.2088	0.1112
396	0.9911	0.4386	0.2087	0.1114
397	0.9919	0.4388	0.2089	0.1113
398	0.9911	0.4389	0.2089	0.1114
399	0.9916	0.4390	0.2091	0.1113
400	0.9910	0.4391	0.2090	0.1111
401	0.9915	0.4393	0.2092	0.1112
402	0.9912	0.4393	0.2092	0.1112
403	0.9911	0.4395	0.2094	0.1112
404	0.9911	0.4396	0.2094	0.1111
405	0.9906	0.4396	0.2095	0.1111
406	0.9909	0.4399	0.2097	0.1111
407	0.9905	0.4401	0.2096	0.1112
408	0.9911	0.4403	0.2097	0.1111
409	0.9912	0.4404	0.2099	0.1111
410	0.9910	0.4405	0.2099	0.1112
411	0.9904	0.4405	0.2099	0.1112
412	0.9903	0.4408	0.2100	0.1110
413	0.9906	0.4409	0.2103	0.1111
414	0.9903	0.4409	0.2102	0.1111
415	0.9904	0.4413	0.2104	0.1111
416	0.9902	0.4415	0.2104	0.1112
417	0.9906	0.4417	0.2107	0.1112
418	0.9904	0.4419	0.2107	0.1112
419	0.9903	0.4418	0.2107	0.1111
420	0.9903	0.4418	0.2108	0.1111
421	0.9902	0.4420	0.2109	0.1112
422	0.9901	0.4422	0.2109	0.1113
423	0.9900	0.4424	0.2111	0.1111
424	0.9898	0.4427	0.2112	0.1111
425	0.9900	0.4427	0.2113	0.1112
426	0.9900	0.4428	0.2114	0.1111
427	0.9897	0.4432	0.2114	0.1111
428	0.9898	0.4434	0.2115	0.1111
429	0.9903	0.4434	0.2118	0.1112
430	0.9901	0.4435	0.2119	0.1112
431	0.9902	0.4436	0.2120	0.1111
432	0.9898	0.4437	0.2120	0.1112
433	0.9899	0.4440	0.2120	0.1111
434	0.9900	0.4442	0.2121	0.1112
435	0.9899	0.4442	0.2123	0.1112
436	0.9896	0.4445	0.2124	0.1112
437	0.9899	0.4445	0.2125	0.1112
438	0.9897	0.4445	0.2126	0.1112
439	0.9898	0.4448	0.2128	0.1112
440	0.9900	0.4453	0.2128	0.1112
441	0.9898	0.4454	0.2131	0.1112
442	0.9900	0.4453	0.2132	0.1113
443	0.9900	0.4454	0.2134	0.1113
444	0.9901	0.4457	0.2135	0.1112
445	0.9900	0.4460	0.2137	0.1112
446	0.9900	0.4461	0.2138	0.1112
447	0.9903	0.4462	0.2139	0.1113
448	0.9901	0.4463	0.2139	0.1113
449	0.9901	0.4464	0.2140	0.1113
450	0.9902	0.4466	0.2142	0.1113
451	0.9900	0.4469	0.2142	0.1114
452	0.9898	0.4471	0.2142	0.1115
453	0.9902	0.4470	0.2144	0.1115
454	0.9900	0.4471	0.2143	0.1114
455	0.9899	0.4473	0.2144	0.1114
456	0.9899	0.4474	0.2145	0.1114
457	0.9901	0.4477	0.2146	0.1115
458	0.9899	0.4480	0.2146	0.1116
459	0.9899	0.4482	0.2146	0.1116
460	0.9900	0.4483	0.2148	0.1115
461	0.9901	0.4483	0.2149	0.1115
462	0.9902	0.4486	0.2150	0.1116
463	0.9900	0.4490	0.2150	0.1116
464	0.9896	0.4491	0.2151	0.1116
465	0.9896	0.4493	0.2151	0.1115
466	0.9897	0.4494	0.2153	0.1116
467	0.9898	0.4492	0.2154	0.1115
468	0.9897	0.4493	0.2155	0.1115
469	0.9897	0.4498	0.2157	0.1116
470	0.9896	0.4500	0.2157	0.1116
471	0.9895	0.4500	0.2158	0.1116
472	0.9898	0.4503	0.2160	0.1116
473	0.9906	0.4508	0.2163	0.1117
474	0.9907	0.4509	0.2164	0.1117
475	0.9908	0.4513	0.2165	0.1117
476	0.9909	0.4515	0.2166	0.1117
477	0.9909	0.4518	0.2168	0.1117
478	0.9907	0.4518	0.2170	0.1118
479	0.9906	0.4517	0.2173	0.1118
480	0.9904	0.4519	0.2177	0.1118
481	0.9903	0.4523	0.2181	0.1119
482	0.9903	0.4526	0.2184	0.1119
483	0.9906	0.4527	0.2189	0.1119
484	0.9908	0.4528	0.2194	0.1120
485	0.9907	0.4529	0.2196	0.1119
486	0.9909	0.4530	0.2197	0.1120
487	0.9911	0.4534	0.2198	0.1120
488	0.9912	0.4535	0.2198	0.1121
489	0.9912	0.4536	0.2198	0.1121
490	0.9911	0.4539	0.2198	0.1122
491	0.9910	0.4539	0.2198	0.1122
492	0.9910	0.4540	0.2197	0.1122
493	0.9910	0.4542	0.2197	0.1122
494	0.9908	0.4544	0.2197	0.1123
495	0.9908	0.4546	0.2198	0.1123
496	0.9909	0.4546	0.2198	0.1124
497	0.9910	0.4547	0.2199	0.1124
498	0.9909	0.4551	0.2199	0.1123
499	0.9910	0.4553	0.2199	0.1124
500	0.9911	0.4555	0.2199	0.1124
501	0.9909	0.4557	0.2199	0.1124
502	0.9906	0.4557	0.2199	0.1124
503	0.9906	0.4558	0.2200	0.1125
504	0.9906	0.4559	0.2201	0.1125
505	0.9905	0.4562	0.2202	0.1125
506	0.9904	0.4563	0.2203	0.1125
507	0.9905	0.4564	0.2203	0.1125
508	0.9905	0.4568	0.2204	0.1126
509	0.9906	0.4568	0.2205	0.1126
510	0.9904	0.4570	0.2206	0.1126
511	0.9904	0.4573	0.2208	0.1126
512	0.9905	0.4574	0.2209	0.1125
513	0.9904	0.4575	0.2209	0.1126
514	0.9904	0.4578	0.2209	0.1126
515	0.9905	0.4579	0.2211	0.1126
516	0.9906	0.4582	0.2213	0.1126
517	0.9904	0.4583	0.2214	0.1126
518	0.9904	0.4584	0.2215	0.1126
519	0.9904	0.4586	0.2217	0.1127
520	0.9904	0.4589	0.2218	0.1127
521	0.9904	0.4590	0.2219	0.1127
522	0.9903	0.4592	0.2220	0.1127
523	0.9902	0.4596	0.2221	0.1128
524	0.9901	0.4596	0.2222	0.1127
525	0.9902	0.4597	0.2224	0.1127
526	0.9902	0.4599	0.2225	0.1128
527	0.9903	0.4601	0.2226	0.1128
528	0.9903	0.4602	0.2228	0.1129
529	0.9905	0.4605	0.2230	0.1129
530	0.9903	0.4606	0.2231	0.1128
531	0.9902	0.4608	0.2232	0.1130
532	0.9902	0.4611	0.2234	0.1129
533	0.9904	0.4610	0.2235	0.1129
534	0.9903	0.4612	0.2237	0.1130
535	0.9904	0.4615	0.2238	0.1130
536	0.9904	0.4619	0.2240	0.1130
537	0.9904	0.4618	0.2242	0.1131
538	0.9905	0.4621	0.2243	0.1131
539	0.9904	0.4620	0.2244	0.1131
540	0.9904	0.4622	0.2245	0.1132
541	0.9903	0.4625	0.2247	0.1132
542	0.9904	0.4626	0.2248	0.1133
543	0.9904	0.4627	0.2250	0.1132
544	0.9906	0.4629	0.2251	0.1133
545	0.9906	0.4630	0.2253	0.1133
546	0.9904	0.4632	0.2254	0.1133
547	0.9902	0.4635	0.2255	0.1133
548	0.9904	0.4639	0.2257	0.1134
549	0.9904	0.4638	0.2259	0.1135
550	0.9904	0.4640	0.2260	0.1136
551	0.9902	0.4638	0.2261	0.1135
552	0.9906	0.4643	0.2263	0.1136
553	0.9906	0.4646	0.2265	0.1135
554	0.9905	0.4646	0.2265	0.1136
555	0.9904	0.4648	0.2267	0.1135
556	0.9905	0.4650	0.2268	0.1136
557	0.9905	0.4651	0.2270	0.1136
558	0.9906	0.4653	0.2271	0.1136
559	0.9905	0.4655	0.2273	0.1137
560	0.9908	0.4655	0.2274	0.1138
561	0.9906	0.4656	0.2275	0.1137
562	0.9907	0.4655	0.2276	0.1138
563	0.9904	0.4659	0.2272	0.1136
564	0.9903	0.4660	0.2273	0.1136
565	0.9903	0.4663	0.2276	0.1137
566	0.9905	0.4666	0.2277	0.1136
567	0.9905	0.4667	0.2279	0.1137
568	0.9906	0.4668	0.2281	0.1137
569	0.9908	0.4671	0.2283	0.1138
570	0.9907	0.4672	0.2284	0.1139
571	0.9906	0.4673	0.2286	0.1139
572	0.9906	0.4678	0.2287	0.1140
573	0.9904	0.4678	0.2288	0.1140
574	0.9907	0.4680	0.2290	0.1140
575	0.9907	0.4681	0.2292	0.1140
576	0.9906	0.4681	0.2293	0.1141
577	0.9908	0.4685	0.2295	0.1141
578	0.9906	0.4687	0.2296	0.1142
579	0.9905	0.4688	0.2296	0.1143
580	0.9906	0.4690	0.2298	0.1143
581	0.9908	0.4693	0.2300	0.1143
582	0.9908	0.4691	0.2302	0.1143
583	0.9905	0.4693	0.2303	0.1144
584	0.9906	0.4695	0.2304	0.1144
585	0.9907	0.4697	0.2306	0.1144
586	0.9906	0.4698	0.2307	0.1144
587	0.9911	0.4700	0.2309	0.1145
588	0.9907	0.4699	0.2310	0.1146
589	0.9908	0.4703	0.2311	0.1146
590	0.9906	0.4706	0.2312	0.1146
591	0.9907	0.4707	0.2314	0.1146
592	0.9905	0.4708	0.2314	0.1147
593	0.9910	0.4709	0.2316	0.1146
594	0.9907	0.4710	0.2317	0.1148
595	0.9908	0.4713	0.2318	0.1147
596	0.9907	0.4714	0.2319	0.1147
597	0.9907	0.4718	0.2320	0.1148
598	0.9906	0.4720	0.2322	0.1149
599	0.9907	0.4720	0.2323	0.1150
600	0.9907	0.4721	0.2325	0.1149
601	0.9909	0.4723	0.2326	0.1150
602	0.9908	0.4726	0.2327	0.1150
603	0.9908	0.4727	0.2329	0.1151
604	0.9907	0.4729	0.2330	0.1151
605	0.9909	0.4729	0.2331	0.1150
606	0.9908	0.4727	0.2332	0.1151
607	0.9909	0.4733	0.2334	0.1152
608	0.9909	0.4733	0.2335	0.1152
609	0.9906	0.4735	0.2336	0.1152
610	0.9907	0.4738	0.2337	0.1153
611	0.9908	0.4741	0.2339	0.1154
612	0.9910	0.4739	0.2341	0.1154
613	0.9910	0.4740	0.2342	0.1154
614	0.9909	0.4745	0.2343	0.1154
615	0.9909	0.4747	0.2344	0.1155
616	0.9909	0.4748	0.2345	0.1154
617	0.9909	0.4750	0.2346	0.1155
618	0.9908	0.4750	0.2348	0.1156
619	0.9908	0.4753	0.2348	0.1156
620	0.9909	0.4753	0.2350	0.1156
621	0.9906	0.4754	0.2351	0.1155
622	0.9908	0.4759	0.2353	0.1157
623	0.9908	0.4759	0.2354	0.1157
624	0.9909	0.4758	0.2356	0.1158
625	0.9908	0.4761	0.2356	0.1157
626	0.9909	0.4762	0.2358	0.1158
627	0.9909	0.4765	0.2359	0.1158
628	0.9907	0.4767	0.2360	0.1159
629	0.9905	0.4768	0.2361	0.1159
630	0.9906	0.4767	0.2362	0.1159
631	0.9908	0.4772	0.2364	0.1160
632	0.9908	0.4775	0.2365	0.1160
633	0.9906	0.4775	0.2366	0.1160
634	0.9907	0.4774	0.2367	0.1161
635	0.9908	0.4778	0.2369	0.1161
636	0.9908	0.4775	0.2370	0.1161
637	0.9906	0.4780	0.2371	0.1164
638	0.9905	0.4780	0.2371	0.1162
639	0.9908	0.4783	0.2373	0.1163
640	0.9907	0.4782	0.2374	0.1163
641	0.9906	0.4788	0.2376	0.1164
642	0.9907	0.4791	0.2377	0.1163
643	0.9907	0.4787	0.2379	0.1163
644	0.9909	0.4793	0.2380	0.1164
645	0.9907	0.4794	0.2381	0.1165
646	0.9909	0.4795	0.2383	0.1165
647	0.9907	0.4795	0.2384	0.1167
648	0.9907	0.4800	0.2385	0.1167
649	0.9907	0.4797	0.2386	0.1166
650	0.9908	0.4801	0.2388	0.1167
651	0.9907	0.4803	0.2389	0.1167
652	0.9905	0.4803	0.2390	0.1167
653	0.9905	0.4806	0.2390	0.1168
654	0.9907	0.4808	0.2392	0.1168
655	0.9908	0.4807	0.2394	0.1167
656	0.9907	0.4810	0.2395	0.1170
657	0.9907	0.4810	0.2397	0.1169
658	0.9907	0.4812	0.2397	0.1169
659	0.9907	0.4815	0.2398	0.1171
660	0.9906	0.4816	0.2400	0.1171
661	0.9907	0.4815	0.2401	0.1171
662	0.9908	0.4818	0.2402	0.1172
663	0.9907	0.4822	0.2403	0.1172
664	0.9905	0.4821	0.2404	0.1172
665	0.9908	0.4823	0.2407	0.1172
666	0.9908	0.4825	0.2408	0.1174
667	0.9906	0.4826	0.2409	0.1175
668	0.9905	0.4830	0.2410	0.1174
669	0.9907	0.4833	0.2411	0.1175
670	0.9905	0.4829	0.2412	0.1176
671	0.9905	0.4831	0.2413	0.1176
672	0.9906	0.4836	0.2414	0.1176
673	0.9907	0.4837	0.2415	0.1177
674	0.9907	0.4837	0.2417	0.1177
675	0.9906	0.4838	0.2419	0.1177
676	0.9907	0.4842	0.2420	0.1178
677	0.9906	0.4842	0.2420	0.1179
678	0.9907	0.4843	0.2422	0.1178
679	0.9907	0.4843	0.2423	0.1178
680	0.9906	0.4846	0.2424	0.1179
681	0.9909	0.4850	0.2426	0.1180
682	0.9907	0.4853	0.2426	0.1179
683	0.9906	0.4854	0.2427	0.1180
684	0.9907	0.4854	0.2429	0.1181
685	0.9906	0.4856	0.2430	0.1182
686	0.9907	0.4854	0.2432	0.1183
687	0.9907	0.4859	0.2433	0.1182
688	0.9905	0.4861	0.2434	0.1183
689	0.9905	0.4858	0.2434	0.1183
690	0.9905	0.4861	0.2434	0.1182
691	0.9905	0.4860	0.2436	0.1184
692	0.9907	0.4865	0.2438	0.1184
693	0.9907	0.4867	0.2439	0.1186
694	0.9906	0.4866	0.2440	0.1185
695	0.9905	0.4870	0.2442	0.1186
696	0.9906	0.4872	0.2443	0.1186
697	0.9906	0.4870	0.2444	0.1187
698	0.9905	0.4873	0.2445	0.1186
699	0.9905	0.4876	0.2446	0.1187
700	0.9905	0.4877	0.2448	0.1186
701	0.9906	0.4877	0.2449	0.1188
702	0.9907	0.4881	0.2451	0.1188
703	0.9905	0.4881	0.2453	0.1188
704	0.9906	0.4883	0.2454	0.1191
705	0.9906	0.4890	0.2455	0.1190
706	0.9905	0.4889	0.2455	0.1190
707	0.9905	0.4887	0.2457	0.1191
708	0.9907	0.4887	0.2458	0.1191
709	0.9908	0.4886	0.2460	0.1193
710	0.9908	0.4893	0.2461	0.1193
711	0.9907	0.4894	0.2462	0.1192
712	0.9908	0.4894	0.2463	0.1193
713	0.9908	0.4897	0.2464	0.1192
714	0.9907	0.4898	0.2466	0.1193
715	0.9908	0.4900	0.2468	0.1193
716	0.9908	0.4903	0.2469	0.1194
717	0.9905	0.4903	0.2469	0.1194
718	0.9906	0.4905	0.2471	0.1195
719	0.9905	0.4904	0.2472	0.1195
720	0.9905	0.4909	0.2473	0.1197
721	0.9905	0.4908	0.2474	0.1196
722	0.9905	0.4911	0.2475	0.1195
723	0.9905	0.4912	0.2477	0.1196
724	0.9906	0.4914	0.2478	0.1197
725	0.9905	0.4914	0.2479	0.1196
726	0.9906	0.4916	0.2480	0.1196
727	0.9906	0.4918	0.2482	0.1197
728	0.9906	0.4917	0.2483	0.1198
729	0.9903	0.4919	0.2484	0.1200
730	0.9903	0.4921	0.2486	0.1199
731	0.9906	0.4925	0.2487	0.1199
732	0.9905	0.4924	0.2488	0.1200
733	0.9902	0.4924	0.2488	0.1200
734	0.9902	0.4927	0.2489	0.1200
735	0.9904	0.4928	0.2489	0.1200
736	0.9905	0.4926	0.2492	0.1201
737	0.9901	0.4933	0.2493	0.1200
738	0.9901	0.4936	0.2493	0.1201
739	0.9902	0.4934	0.2494	0.1201
740	0.9905	0.4934	0.2497	0.1201
741	0.9907	0.4938	0.2498	0.1204
742	0.9905	0.4938	0.2500	0.1205
743	0.9901	0.4940	0.2501	0.1204
744	0.9902	0.4941	0.2503	0.1205
745	0.9907	0.4943	0.2504	0.1204
746	0.9906	0.4946	0.2504	0.1206
747	0.9903	0.4945	0.2505	0.1205
748	0.9906	0.4952	0.2506	0.1205
749	0.9904	0.4953	0.2508	0.1206
750	0.9905	0.4951	0.2509	0.1205
751	0.9905	0.4952	0.2511	0.1207
752	0.9897	0.4956	0.2510	0.1206
753	0.9901	0.4953	0.2511	0.1208
754	0.9901	0.4957	0.2513	0.1208
755	0.9906	0.4959	0.2514	0.1208
756	0.9906	0.4960	0.2515	0.1208
757	0.9903	0.4964	0.2518	0.1209
758	0.9900	0.4966	0.2520	0.1209
759	0.9904	0.4966	0.2520	0.1210
760	0.9906	0.4969	0.2521	0.1212
761	0.9907	0.4969	0.2524	0.1211
762	0.9904	0.4967	0.2522	0.1210
763	0.9900	0.4968	0.2523	0.1210
764	0.9906	0.4973	0.2525	0.1211
765	0.9903	0.4974	0.2527	0.1212
766	0.9903	0.4974	0.2527	0.1212
767	0.9898	0.4979	0.2527	0.1213
768	0.9899	0.4978	0.2531	0.1212
769	0.9897	0.4978	0.2531	0.1212
770	0.9896	0.4982	0.2531	0.1212
771	0.9901	0.4985	0.2534	0.1214
772	0.9899	0.4983	0.2534	0.1214
773	0.9899	0.4982	0.2535	0.1213
774	0.9894	0.4984	0.2534	0.1213
775	0.9895	0.4986	0.2537	0.1215
776	0.9896	0.4991	0.2539	0.1215
777	0.9895	0.4992	0.2539	0.1215
778	0.9900	0.4994	0.2543	0.1217
779	0.9895	0.4996	0.2541	0.1216
780	0.9896	0.4996	0.2544	0.1217
781	0.9901	0.4994	0.2544	0.1217
782	0.9900	0.5001	0.2547	0.1219
783	0.9897	0.5000	0.2548	0.1218
784	0.9895	0.5000	0.2548	0.1217
785	0.9895	0.5002	0.2550	0.1219
786	0.9896	0.5003	0.2552	0.1220
787	0.9907	0.5005	0.2554	0.1221
788	0.9896	0.5006	0.2552	0.1220
789	0.9893	0.5005	0.2554	0.1221
790	0.9896	0.5006	0.2554	0.1220
791	0.9901	0.5006	0.2556	0.1221
792	0.9892	0.5010	0.2557	0.1222
793	0.9891	0.5013	0.2557	0.1221
794	0.9890	0.5012	0.2560	0.1220
795	0.9899	0.5016	0.2563	0.1221
796	0.9897	0.5017	0.2562	0.1223
797	0.9893	0.5015	0.2563	0.1223
798	0.9892	0.5016	0.2565	0.1223
799	0.9888	0.5020	0.2565	0.1223
800	0.9894	0.5022	0.2566	0.1223
801	0.9886	0.5022	0.2567	0.1222
802	0.9895	0.5021	0.2569	0.1223
803	0.9889	0.5024	0.2569	0.1224
804	0.9894	0.5026	0.2573	0.1224
805	0.9889	0.5027	0.2570	0.1225
806	0.9894	0.5028	0.2575	0.1227
807	0.9891	0.5031	0.2572	0.1226
808	0.9891	0.5032	0.2576	0.1226
809	0.9891	0.5031	0.2577	0.1226
810	0.9888	0.5033	0.2574	0.1226
811	0.9885	0.5033	0.2576	0.1228
812	0.9891	0.5037	0.2579	0.1229
813	0.9894	0.5042	0.2581	0.1228
814	0.9889	0.5045	0.2578	0.1228
815	0.9882	0.5043	0.2581	0.1228
816	0.9885	0.5046	0.2583	0.1230
817	0.9886	0.5048	0.2583	0.1230
818	0.9886	0.5044	0.2586	0.1230
819	0.9887	0.5047	0.2589	0.1230
820	0.9887	0.5050	0.2590	0.1230
821	0.9894	0.5055	0.2594	0.1232
822	0.9893	0.5058	0.2593	0.1232
823	0.9892	0.5056	0.2595	0.1234
824	0.9886	0.5051	0.2596	0.1236
825	0.9885	0.5053	0.2594	0.1236
826	0.9894	0.5058	0.2597	0.1237
827	0.9893	0.5064	0.2599	0.1235
828	0.9891	0.5066	0.2600	0.1236
829	0.9894	0.5065	0.2603	0.1236
830	0.9898	0.5065	0.2604	0.1236
831	0.9888	0.5062	0.2605	0.1237
832	0.9886	0.5062	0.2606	0.1237
833	0.9889	0.5065	0.2609	0.1238
834	0.9893	0.5067	0.2613	0.1241
835	0.9891	0.5067	0.2612	0.1242
836	0.9886	0.5076	0.2612	0.1241
837	0.9892	0.5077	0.2616	0.1243
838	0.9886	0.5075	0.2617	0.1244
839	0.9892	0.5079	0.2619	0.1243
840	0.9898	0.5080	0.2622	0.1243
841	0.9899	0.5084	0.2623	0.1246
842	0.9898	0.5083	0.2626	0.1247
843	0.9899	0.5085	0.2629	0.1244
844	0.9902	0.5091	0.2630	0.1246
845	0.9896	0.5088	0.2630	0.1246
846	0.9898	0.5086	0.2634	0.1249
847	0.9899	0.5094	0.2635	0.1248
848	0.9893	0.5091	0.2635	0.1248
849	0.9889	0.5087	0.2637	0.1251
850	0.9898	0.5090	0.2643	0.1252
851	0.9898	0.5098	0.2641	0.1255
852	0.9901	0.5106	0.2644	0.1254
853	0.9903	0.5107	0.2644	0.1251
854	0.9899	0.5112	0.2646	0.1256
855	0.9893	0.5106	0.2647	0.1257
856	0.9896	0.5099	0.2650	0.1255
857	0.9903	0.5102	0.2653	0.1254
858	0.9906	0.5107	0.2650	0.1253
859	0.9913	0.5096	0.2658	0.1252
860	0.9916	0.5139	0.2652	0.1251
861	0.9916	0.5148	0.2641	0.1253
862	0.9913	0.5154	0.2643	0.1252
863	0.9914	0.5154	0.2646	0.1252
864	0.9916	0.5123	0.2647	0.1253
865	0.9915	0.5139	0.2648	0.1253
866	0.9915	0.5164	0.2649	0.1254
867	0.9916	0.5166	0.2651	0.1255
868	0.9916	0.5173	0.2652	0.1255
869	0.9917	0.5163	0.2654	0.1255
870	0.9917	0.5142	0.2655	0.1255
871	0.9917	0.5151	0.2656	0.1255
872	0.9916	0.5178	0.2657	0.1256
873	0.9917	0.5159	0.2659	0.1256
874	0.9918	0.5166	0.2660	0.1257
875	0.9918	0.5163	0.2660	0.1257
876	0.9917	0.5140	0.2662	0.1256
877	0.9918	0.5144	0.2664	0.1257
878	0.9918	0.5171	0.2664	0.1259
879	0.9918	0.5159	0.2665	0.1259
880	0.9919	0.5175	0.2667	0.1258
881	0.9919	0.5158	0.2668	0.1258
882	0.9920	0.5140	0.2669	0.1259
883	0.9920	0.5155	0.2671	0.1259
884	0.9920	0.5171	0.2672	0.1260
885	0.9920	0.5172	0.2673	0.1261
886	0.9921	0.5176	0.2674	0.1261
887	0.9921	0.5174	0.2676	0.1261
888	0.9921	0.5175	0.2677	0.1261
889	0.9921	0.5174	0.2678	0.1262
890	0.9921	0.5171	0.2679	0.1263
891	0.9921	0.5165	0.2680	0.1262
892	0.9921	0.5176	0.2681	0.1263
893	0.9921	0.5172	0.2683	0.1263
894	0.9921	0.5166	0.2684	0.1263
895	0.9921	0.5173	0.2686	0.1264
896	0.9922	0.5183	0.2687	0.1265
897	0.9921	0.5176	0.2688	0.1265
898	0.9921	0.5190	0.2689	0.1266
899	0.9922	0.5181	0.2690	0.1266
900	0.9921	0.5167	0.2691	0.1266
901	0.9921	0.5174	0.2692	0.1266
902	0.9922	0.5190	0.2694	0.1267
903	0.9922	0.5179	0.2695	0.1267
904	0.9921	0.5187	0.2696	0.1267
905	0.9921	0.5188	0.2697	0.1268
906	0.9922	0.5178	0.2698	0.1268
907	0.9922	0.5178	0.2699	0.1268
908	0.9922	0.5186	0.2700	0.1269
909	0.9923	0.5184	0.2702	0.1269
910	0.9923	0.5187	0.2703	0.1270
911	0.9923	0.5187	0.2704	0.1270
912	0.9923	0.5183	0.2705	0.1270
913	0.9923	0.5186	0.2706	0.1271
914	0.9924	0.5199	0.2707	0.1271
915	0.9924	0.5188	0.2708	0.1272
916	0.9923	0.5199	0.2710	0.1272
917	0.9923	0.5199	0.2711	0.1272
918	0.9923	0.5184	0.2712	0.1273
919	0.9924	0.5190	0.2713	0.1274
920	0.9924	0.5200	0.2714	0.1274
921	0.9924	0.5196	0.2715	0.1274
922	0.9923	0.5201	0.2716	0.1274
923	0.9923	0.5198	0.2718	0.1275
924	0.9923	0.5201	0.2718	0.1275
925	0.9923	0.5201	0.2720	0.1276
926	0.9923	0.5208	0.2721	0.1276
927	0.9924	0.5205	0.2722	0.1276
928	0.9924	0.5210	0.2723	0.1277
929	0.9924	0.5209	0.2724	0.1277
930	0.9924	0.5202	0.2726	0.1278
931	0.9925	0.5201	0.2727	0.1278
932	0.9924	0.5212	0.2728	0.1278
933	0.9924	0.5204	0.2729	0.1278
934	0.9925	0.5215	0.2730	0.1279
935	0.9925	0.5218	0.2732	0.1279
936	0.9925	0.5216	0.2733	0.1280
937	0.9924	0.5215	0.2734	0.1281
938	0.9924	0.5219	0.2735	0.1281
939	0.9924	0.5216	0.2736	0.1281
940	0.9924	0.5222	0.2737	0.1281
941	0.9924	0.5221	0.2738	0.1282
942	0.9924	0.5217	0.2739	0.1282
943	0.9924	0.5217	0.2740	0.1283
944	0.9923	0.5221	0.2741	0.1283
945	0.9923	0.5220	0.2742	0.1283
946	0.9923	0.5228	0.2744	0.1284
947	0.9924	0.5224	0.2745	0.1284
948	0.9924	0.5221	0.2746	0.1285
949	0.9923	0.5224	0.2747	0.1285
950	0.9923	0.5235	0.2748	0.1285
951	0.9924	0.5225	0.2749	0.1286
952	0.9923	0.5228	0.2750	0.1286
953	0.9923	0.5230	0.2751	0.1287
954	0.9924	0.5229	0.2752	0.1287
955	0.9924	0.5233	0.2753	0.1287
956	0.9924	0.5237	0.2754	0.1288
957	0.9924	0.5230	0.2756	0.1288
958	0.9924	0.5241	0.2757	0.1288
959	0.9924	0.5233	0.2758	0.1289
960	0.9924	0.5235	0.2759	0.1289
961	0.9924	0.5238	0.2760	0.1290
962	0.9924	0.5244	0.2761	0.1290
963	0.9924	0.5239	0.2762	0.1290
964	0.9924	0.5244	0.2763	0.1291
965	0.9924	0.5242	0.2765	0.1291
966	0.9924	0.5244	0.2766	0.1292
967	0.9923	0.5245	0.2767	0.1292
968	0.9923	0.5250	0.2768	0.1293
969	0.9924	0.5244	0.2769	0.1293
970	0.9924	0.5250	0.2770	0.1293
971	0.9924	0.5248	0.2771	0.1294
972	0.9924	0.5247	0.2773	0.1294
973	0.9924	0.5252	0.2774	0.1294
974	0.9924	0.5257	0.2775	0.1295
975	0.9924	0.5250	0.2776	0.1295
976	0.9923	0.5257	0.2777	0.1296
977	0.9924	0.5254	0.2778	0.1296
978	0.9925	0.5255	0.2779	0.1296
979	0.9924	0.5256	0.2780	0.1297
980	0.9924	0.5260	0.2781	0.1297
981	0.9924	0.5258	0.2782	0.1298
982	0.9924	0.5262	0.2783	0.1298
983	0.9924	0.5257	0.2785	0.1299
984	0.9924	0.5260	0.2786	0.1299
985	0.9924	0.5263	0.2787	0.1299
986	0.9924	0.5270	0.2788	0.1300
987	0.9924	0.5264	0.2789	0.1300
988	0.9924	0.5268	0.2790	0.1300
989	0.9923	0.5268	0.2791	0.1301
990	0.9924	0.5268	0.2792	0.1301
991	0.9924	0.5270	0.2793	0.1302
992	0.9924	0.5272	0.2794	0.1302
993	0.9924	0.5270	0.2795	0.1302
994	0.9923	0.5279	0.2796	0.1303
995	0.9924	0.5273	0.2798	0.1303
996	0.9924	0.5272	0.2799	0.1304
997	0.9924	0.5277	0.2800	0.1304
998	0.9924	0.5282	0.2801	0.1304
999	0.9924	0.5276	0.2802	0.1305
1000	0.9924	0.5286	0.2803	0.1305
1001	0.9924	0.5277	0.2804	0.1306
1002	0.9924	0.5274	0.2805	0.1306
1003	0.9924	0.5280	0.2806	0.1306
1004	0.9923	0.5285	0.2807	0.1307
1005	0.9924	0.5285	0.2809	0.1307
1006	0.9924	0.5289	0.2810	0.1308
1007	0.9924	0.5288	0.2811	0.1308
1008	0.9924	0.5289	0.2812	0.1308
1009	0.9924	0.5290	0.2813	0.1309
1010	0.9924	0.5294	0.2814	0.1309
1011	0.9924	0.5292	0.2815	0.1310
1012	0.9923	0.5295	0.2816	0.1310
1013	0.9924	0.5290	0.2817	0.1311
1014	0.9924	0.5295	0.2818	0.1311
1015	0.9924	0.5295	0.2820	0.1312
1016	0.9924	0.5301	0.2820	0.1312
1017	0.9924	0.5297	0.2821	0.1312
1018	0.9924	0.5303	0.2823	0.1313
1019	0.9924	0.5302	0.2824	0.1313
1020	0.9924	0.5299	0.2825	0.1314
1021	0.9924	0.5304	0.2826	0.1314
1022	0.9924	0.5306	0.2827	0.1314
1023	0.9924	0.5303	0.2828	0.1315
1024	0.9924	0.5309	0.2829	0.1315
1025	0.9924	0.5308	0.2830	0.1315
1026	0.9924	0.5307	0.2831	0.1316
1027	0.9924	0.5306	0.2832	0.1316
1028	0.9924	0.5313	0.2833	0.1317
1029	0.9923	0.5312	0.2834	0.1317
1030	0.9924	0.5316	0.2836	0.1318
1031	0.9924	0.5311	0.2837	0.1318
1032	0.9923	0.5314	0.2837	0.1318
1033	0.9923	0.5315	0.2839	0.1319
1034	0.9923	0.5320	0.2840	0.1319
1035	0.9924	0.5316	0.2841	0.1320
1036	0.9924	0.5321	0.2842	0.1320
1037	0.9924	0.5318	0.2843	0.1321
1038	0.9924	0.5321	0.2844	0.1321
1039	0.9923	0.5325	0.2845	0.1321
1040	0.9923	0.5325	0.2846	0.1322
1041	0.9923	0.5321	0.2847	0.1322
1042	0.9923	0.5328	0.2848	0.1323
1043	0.9923	0.5324	0.2849	0.1323
1044	0.9924	0.5328	0.2851	0.1323
1045	0.9923	0.5328	0.2852	0.1324
1046	0.9923	0.5330	0.2853	0.1324
1047	0.9923	0.5326	0.2854	0.1325
1048	0.9924	0.5337	0.2855	0.1325
1049	0.9924	0.5328	0.2856	0.1325
1050	0.9924	0.5334	0.2857	0.1326
1051	0.9923	0.5343	0.2858	0.1326
1052	0.9923	0.5341	0.2859	0.1327
1053	0.9924	0.5336	0.2860	0.1327
1054	0.9923	0.5340	0.2861	0.1328
1055	0.9923	0.5336	0.2862	0.1328
1056	0.9923	0.5338	0.2863	0.1328
1057	0.9923	0.5342	0.2864	0.1329
1058	0.9923	0.5346	0.2865	0.1329
1059	0.9923	0.5341	0.2867	0.1330
1060	0.9923	0.5348	0.2868	0.1330
1061	0.9924	0.5343	0.2869	0.1330
1062	0.9924	0.5350	0.2870	0.1331
1063	0.9923	0.5350	0.2871	0.1331
1064	0.9924	0.5349	0.2872	0.1332
1065	0.9924	0.5350	0.2873	0.1332
1066	0.9923	0.5351	0.2874	0.1333
1067	0.9923	0.5355	0.2875	0.1333
1068	0.9923	0.5353	0.2876	0.1334
1069	0.9923	0.5353	0.2877	0.1334
1070	0.9923	0.5358	0.2878	0.1334
1071	0.9923	0.5356	0.2879	0.1335
1072	0.9923	0.5361	0.2880	0.1335
1073	0.9923	0.5357	0.2881	0.1335
1074	0.9923	0.5360	0.2882	0.1336
1075	0.9923	0.5362	0.2884	0.1337
1076	0.9923	0.5364	0.2885	0.1337
1077	0.9923	0.5362	0.2886	0.1337
1078	0.9923	0.5370	0.2887	0.1338
1079	0.9924	0.5363	0.2888	0.1338
1080	0.9923	0.5369	0.2889	0.1338
1081	0.9923	0.5367	0.2890	0.1339
1082	0.9923	0.5369	0.2891	0.1339
1083	0.9923	0.5365	0.2892	0.1340
1084	0.9924	0.5376	0.2893	0.1340
1085	0.9923	0.5371	0.2894	0.1341
1086	0.9923	0.5374	0.2895	0.1341
1087	0.9923	0.5376	0.2896	0.1341
1088	0.9923	0.5378	0.2897	0.1342
1089	0.9923	0.5375	0.2898	0.1342
1090	0.9922	0.5381	0.2899	0.1343
1091	0.9922	0.5377	0.2900	0.1343
1092	0.9922	0.5381	0.2901	0.1344
1093	0.9923	0.5381	0.2902	0.1344
1094	0.9923	0.5382	0.2903	0.1344
1095	0.9923	0.5382	0.2904	0.1345
1096	0.9923	0.5385	0.2906	0.1345
1097	0.9923	0.5383	0.2907	0.1346
1098	0.9923	0.5386	0.2908	0.1346
1099	0.9923	0.5386	0.2909	0.1346
1100	0.9923	0.5389	0.2910	0.1347
1101	0.9923	0.5387	0.2911	0.1347
1102	0.9923	0.5392	0.2912	0.1348
1103	0.9924	0.5388	0.2913	0.1348
1104	0.9924	0.5391	0.2914	0.1348
1105	0.9924	0.5394	0.2915	0.1349
1106	0.9924	0.5396	0.2916	0.1349
1107	0.9924	0.5392	0.2917	0.1350
1108	0.9925	0.5398	0.2918	0.1350
1109	0.9925	0.5395	0.2919	0.1350
1110	0.9925	0.5396	0.2920	0.1351
1111	0.9925	0.5398	0.2921	0.1351
1112	0.9925	0.5397	0.2922	0.1352
1113	0.9925	0.5394	0.2923	0.1352
1114	0.9925	0.5399	0.2925	0.1353
1115	0.9925	0.5396	0.2926	0.1353
1116	0.9925	0.5396	0.2927	0.1354
1117	0.9924	0.5406	0.2928	0.1354
1118	0.9925	0.5407	0.2929	0.1354
1119	0.9925	0.5403	0.2930	0.1355
1120	0.9925	0.5408	0.2931	0.1355
1121	0.9925	0.5406	0.2932	0.1356
1122	0.9924	0.5410	0.2933	0.1356
1123	0.9924	0.5411	0.2934	0.1356
1124	0.9925	0.5414	0.2935	0.1357
1125	0.9925	0.5411	0.2936	0.1357
1126	0.9924	0.5417	0.2937	0.1358
1127	0.9924	0.5412	0.2938	0.1358
1128	0.9924	0.5417	0.2939	0.1359
1129	0.9924	0.5418	0.2940	0.1359
1130	0.9924	0.5418	0.2941	0.1359
1131	0.9924	0.5418	0.2942	0.1360
1132	0.9924	0.5420	0.2943	0.1360
1133	0.9924	0.5418	0.2944	0.1361
1134	0.9924	0.5421	0.2945	0.1361
1135	0.9924	0.5423	0.2946	0.1361
1136	0.9924	0.5424	0.2947	0.1362
1137	0.9924	0.5425	0.2948	0.1362
1138	0.9924	0.5428	0.2949	0.1363
1139	0.9924	0.5427	0.2950	0.1363
1140	0.9924	0.5427	0.2951	0.1364
1141	0.9924	0.5430	0.2952	0.1364
1142	0.9924	0.5426	0.2953	0.1364
1143	0.9924	0.5432	0.2954	0.1365
1144	0.9924	0.5438	0.2955	0.1365
1145	0.9924	0.5432	0.2957	0.1366
1146	0.9924	0.5433	0.2958	0.1366
1147	0.9924	0.5436	0.2958	0.1367
1148	0.9924	0.5438	0.2960	0.1367
1149	0.9924	0.5436	0.2961	0.1368
1150	0.9923	0.5440	0.2961	0.1368
1151	0.9923	0.5436	0.2962	0.1368
1152	0.9923	0.5440	0.2964	0.1369
1153	0.9923	0.5439	0.2965	0.1369
1154	0.9924	0.5443	0.2966	0.1370
1155	0.9924	0.5442	0.2967	0.1370
1156	0.9924	0.5445	0.2968	0.1371
1157	0.9923	0.5444	0.2969	0.1371
1158	0.9923	0.5446	0.2970	0.1371
1159	0.9923	0.5444	0.2971	0.1372
1160	0.9923	0.5448	0.2972	0.1372
1161	0.9923	0.5447	0.2973	0.1373
1162	0.9923	0.5452	0.2974	0.1373
1163	0.9923	0.5450	0.2975	0.1373
1164	0.9923	0.5452	0.2976	0.1374
1165	0.9923	0.5453	0.2977	0.1374
1166	0.9923	0.5456	0.2978	0.1375
1167	0.9923	0.5453	0.2979	0.1375
1168	0.9923	0.5459	0.2980	0.1375
1169	0.9923	0.5457	0.2981	0.1376
1170	0.9924	0.5458	0.2982	0.1376
1171	0.9923	0.5460	0.2983	0.1377
1172	0.9923	0.5461	0.2984	0.1377
1173	0.9924	0.5461	0.2985	0.1378
1174	0.9923	0.5464	0.2986	0.1378
1175	0.9923	0.5462	0.2987	0.1379
1176	0.9914	0.5457	0.2985	0.1378
1177	0.9914	0.5460	0.2986	0.1378
1178	0.9914	0.5464	0.2987	0.1378
1179	0.9913	0.5461	0.2988	0.1379
1180	0.9913	0.5463	0.2989	0.1379
1181	0.9913	0.5462	0.2990	0.1380
1182	0.9913	0.5464	0.2991	0.1380
1183	0.9913	0.5464	0.2992	0.1380
1184	0.9913	0.5466	0.2993	0.1381
1185	0.9913	0.5467	0.2994	0.1381
1186	0.9912	0.5471	0.2995	0.1382
1187	0.9912	0.5467	0.2996	0.1382
1188	0.9913	0.5466	0.2997	0.1383
1189	0.9913	0.5469	0.2998	0.1383
1190	0.9913	0.5472	0.2999	0.1384
1191	0.9913	0.5475	0.3000	0.1384
1192	0.9913	0.5472	0.3001	0.1384
1193	0.9912	0.5476	0.3002	0.1385
1194	0.9912	0.5476	0.3003	0.1385
1195	0.9912	0.5476	0.3004	0.1385
1196	0.9912	0.5477	0.3005	0.1386
1197	0.9912	0.5478	0.3006	0.1386
1198	0.9912	0.5477	0.3007	0.1387
1199	0.9912	0.5480	0.3008	0.1387
1200	0.9912	0.5478	0.3009	0.1388
1201	0.9912	0.5479	0.3010	0.1388
1202	0.9912	0.5481	0.3011	0.1389
1203	0.9912	0.5482	0.3012	0.1389
1204	0.9913	0.5481	0.3013	0.1390
1205	0.9912	0.5485	0.3014	0.1390
1206	0.9911	0.5483	0.3015	0.1390
1207	0.9912	0.5485	0.3016	0.1391
1208	0.9912	0.5484	0.3017	0.1391
1209	0.9912	0.5484	0.3018	0.1392
1210	0.9912	0.5486	0.3019	0.1392
1211	0.9912	0.5488	0.3020	0.1393
1212	0.9912	0.5485	0.3021	0.1393
1213	0.9912	0.5488	0.3022	0.1393
1214	0.9912	0.5491	0.3023	0.1394
1215	0.9912	0.5490	0.3024	0.1394
1216	0.9912	0.5491	0.3025	0.1395
1217	0.9912	0.5495	0.3026	0.1395
1218	0.9912	0.5495	0.3027	0.1396
1219	0.9913	0.5498	0.3028	0.1396
1220	0.9912	0.5499	0.3029	0.1397
1221	0.9912	0.5500	0.3030	0.1397
1222	0.9912	0.5502	0.3031	0.1397
1223	0.9912	0.5505	0.3032	0.1398
1224	0.9912	0.5504	0.3033	0.1398
1225	0.9912	0.5507	0.3034	0.1399
1226	0.9912	0.5507	0.3035	0.1399
1227	0.9912	0.5510	0.3036	0.1399
1228	0.9912	0.5511	0.3037	0.1400
1229	0.9912	0.5514	0.3038	0.1400
1230	0.9912	0.5512	0.3039	0.1401
1231	0.9912	0.5515	0.3040	0.1401
1232	0.9912	0.5515	0.3041	0.1401
1233	0.9912	0.5515	0.3042	0.1402
1234	0.9913	0.5517	0.3043	0.1402
1235	0.9912	0.5521	0.3044	0.1403
1236	0.9912	0.5520	0.3045	0.1403
1237	0.9912	0.5525	0.3046	0.1404
1238	0.9911	0.5523	0.3046	0.1404
1239	0.9911	0.5522	0.3047	0.1404
1240	0.9911	0.5524	0.3048	0.1405
1241	0.9911	0.5527	0.3049	0.1405
1242	0.9912	0.5526	0.3050	0.1406
1243	0.9911	0.5528	0.3051	0.1406
1244	0.9912	0.5529	0.3052	0.1407
1245	0.9912	0.5530	0.3053	0.1407
1246	0.9912	0.5529	0.3054	0.1408
1247	0.9912	0.5532	0.3055	0.1408
1248	0.9912	0.5531	0.3056	0.1408
1249	0.9912	0.5533	0.3057	0.1409
1250	0.9912	0.5533	0.3058	0.1409
1251	0.9912	0.5534	0.3059	0.1409
1252	0.9912	0.5534	0.3060	0.1410
1253	0.9912	0.5535	0.3061	0.1411
1254	0.9912	0.5533	0.3062	0.1411
1255	0.9912	0.5537	0.3063	0.1411
1256	0.9912	0.5536	0.3064	0.1412
1257	0.9912	0.5536	0.3065	0.1412
1258	0.9912	0.5537	0.3066	0.1413
1259	0.9912	0.5538	0.3067	0.1413
1260	0.9912	0.5536	0.3068	0.1414
1261	0.9912	0.5538	0.3069	0.1414
1262	0.9912	0.5540	0.3070	0.1414
1263	0.9912	0.5540	0.3071	0.1415
1264	0.9912	0.5539	0.3072	0.1415
1265	0.9911	0.5541	0.3073	0.1416
1266	0.9911	0.5541	0.3074	0.1416
1267	0.9912	0.5545	0.3075	0.1417
1268	0.9912	0.5544	0.3076	0.1417
1269	0.9912	0.5543	0.3077	0.1417
1270	0.9911	0.5545	0.3078	0.1418
1271	0.9912	0.5550	0.3079	0.1418
1272	0.9912	0.5548	0.3080	0.1419
1273	0.9911	0.5550	0.3081	0.1419
1274	0.9912	0.5550	0.3082	0.1419
1275	0.9911	0.5550	0.3083	0.1420
1276	0.9901	0.5547	0.3080	0.1419
1277	0.9901	0.5548	0.3081	0.1419
1278	0.9901	0.5549	0.3082	0.1420
1279	0.9901	0.5552	0.3083	0.1420
1280	0.9902	0.5553	0.3084	0.1421
1281	0.9902	0.5554	0.3085	0.1421
1282	0.9902	0.5555	0.3086	0.1422
1283	0.9902	0.5556	0.3087	0.1422
1284	0.9902	0.5557	0.3088	0.1422
1285	0.9902	0.5559	0.3089	0.1423
1286	0.9902	0.5560	0.3090	0.1423
1287	0.9902	0.5559	0.3091	0.1424
1288	0.9902	0.5562	0.3092	0.1424
1289	0.9901	0.5564	0.3093	0.1424
1290	0.9901	0.5563	0.3094	0.1425
1291	0.9901	0.5565	0.3095	0.1425
1292	0.9902	0.5565	0.3096	0.1426
1293	0.9902	0.5566	0.3097	0.1426
1294	0.9902	0.5569	0.3098	0.1427
1295	0.9902	0.5570	0.3099	0.1427
1296	0.9902	0.5570	0.3100	0.1428
1297	0.9901	0.5571	0.3101	0.1428
1298	0.9901	0.5571	0.3101	0.1428
1299	0.9901	0.5570	0.3102	0.1429
1300	0.9902	0.5569	0.3104	0.1429
1301	0.9902	0.5571	0.3104	0.1430
1302	0.9902	0.5572	0.3105	0.1430
1303	0.9902	0.5572	0.3106	0.1431
1304	0.9902	0.5573	0.3107	0.1431
1305	0.9902	0.5573	0.3108	0.1431
1306	0.9902	0.5574	0.3109	0.1432
1307	0.9902	0.5576	0.3110	0.1432
1308	0.9902	0.5577	0.3111	0.1433
1309	0.9902	0.5578	0.3112	0.1433
1310	0.9902	0.5576	0.3113	0.1434
1311	0.9901	0.5576	0.3114	0.1434
1312	0.9902	0.5579	0.3115	0.1435
1313	0.9902	0.5578	0.3116	0.1435
1314	0.9902	0.5577	0.3117	0.1435
1315	0.9901	0.5578	0.3117	0.1436
1316	0.9902	0.5579	0.3119	0.1436
1317	0.9903	0.5580	0.3120	0.1437
1318	0.9902	0.5583	0.3121	0.1437
1319	0.9901	0.5583	0.3121	0.1438
1320	0.9901	0.5582	0.3122	0.1438
1321	0.9901	0.5584	0.3123	0.1438
1322	0.9901	0.5585	0.3124	0.1439
1323	0.9902	0.5585	0.3125	0.1439
1324	0.9902	0.5586	0.3126	0.1440
1325	0.9902	0.5587	0.3127	0.1440
1326	0.9892	0.5583	0.3125	0.1439
1327	0.9892	0.5585	0.3126	0.1440
1328	0.9892	0.5585	0.3127	0.1440
1329	0.9892	0.5585	0.3128	0.1440
1330	0.9892	0.5588	0.3129	0.1441
1331	0.9893	0.5587	0.3130	0.1441
1332	0.9892	0.5587	0.3131	0.1442
1333	0.9893	0.5590	0.3132	0.1442
1334	0.9893	0.5591	0.3133	0.1443
1335	0.9893	0.5591	0.3134	0.1443
1336	0.9893	0.5596	0.3135	0.1443
1337	0.9894	0.5594	0.3136	0.1444
1338	0.9894	0.5596	0.3137	0.1444
1339	0.9895	0.5597	0.3138	0.1445
1340	0.9896	0.5598	0.3139	0.1445
1341	0.9896	0.5599	0.3140	0.1446
1342	0.9896	0.5601	0.3141	0.1446
1343	0.9897	0.5601	0.3142	0.1447
1344	0.9897	0.5604	0.3143	0.1447
1345	0.9898	0.5604	0.3144	0.1448
1346	0.9899	0.5603	0.3146	0.1448
1347	0.9899	0.5605	0.3147	0.1449
1348	0.9899	0.5609	0.3147	0.1449
1349	0.9898	0.5607	0.3148	0.1450
1350	0.9898	0.5607	0.3149	0.1450
1351	0.9898	0.5611	0.3150	0.1451
1352	0.9898	0.5611	0.3151	0.1451
1353	0.9898	0.5613	0.3152	0.1452
1354	0.9897	0.5615	0.3153	0.1452
1355	0.9897	0.5613	0.3154	0.1453
1356	0.9897	0.5614	0.3155	0.1453
1357	0.9897	0.5617	0.3156	0.1453
1358	0.9896	0.5617	0.3157	0.1454
1359	0.9895	0.5617	0.3158	0.1455
1360	0.9895	0.5620	0.3158	0.1455
1361	0.9894	0.5619	0.3159	0.1455
1362	0.9894	0.5621	0.3160	0.1455
1363	0.9892	0.5622	0.3161	0.1456
1364	0.9892	0.5623	0.3161	0.1456
1365	0.9892	0.5624	0.3163	0.1457
1366	0.9891	0.5626	0.3163	0.1457
1367	0.9891	0.5626	0.3164	0.1457
1368	0.9891	0.5627	0.3165	0.1457
1369	0.9891	0.5629	0.3166	0.1458
1370	0.9891	0.5630	0.3167	0.1458
1371	0.9892	0.5628	0.3168	0.1459
1372	0.9892	0.5631	0.3169	0.1459
1373	0.9892	0.5630	0.3170	0.1459
1374	0.9893	0.5630	0.3171	0.1460
1375	0.9893	0.5628	0.3172	0.1461
1376	0.9892	0.5630	0.3173	0.1461
1377	0.9893	0.5630	0.3174	0.1462
1378	0.9893	0.5634	0.3175	0.1462
1379	0.9893	0.5630	0.3176	0.1463
1380	0.9893	0.5630	0.3177	0.1463
1381	0.9893	0.5632	0.3177	0.1464
1382	0.9893	0.5634	0.3179	0.1464
1383	0.9892	0.5634	0.3179	0.1464
1384	0.9892	0.5635	0.3180	0.1465
1385	0.9892	0.5632	0.3181	0.1465
1386	0.9892	0.5636	0.3182	0.1465
1387	0.9891	0.5636	0.3182	0.1466
1388	0.9891	0.5637	0.3183	0.1466
1389	0.9891	0.5639	0.3184	0.1466
1390	0.9892	0.5641	0.3185	0.1467
1391	0.9892	0.5636	0.3186	0.1467
1392	0.9891	0.5640	0.3187	0.1468
1393	0.9891	0.5641	0.3188	0.1468
1394	0.9891	0.5644	0.3189	0.1469
1395	0.9891	0.5646	0.3190	0.1469
1396	0.9891	0.5651	0.3191	0.1470
1397	0.9892	0.5647	0.3192	0.1470
1398	0.9892	0.5650	0.3193	0.1471
1399	0.9892	0.5650	0.3193	0.1471
1400	0.9892	0.5651	0.3194	0.1471
1401	0.9892	0.5650	0.3195	0.1472
1402	0.9892	0.5653	0.3196	0.1472
1403	0.9891	0.5651	0.3197	0.1473
1404	0.9892	0.5651	0.3198	0.1473
1405	0.9892	0.5651	0.3199	0.1473
1406	0.9891	0.5655	0.3199	0.1474
1407	0.9890	0.5658	0.3200	0.1474
1408	0.9890	0.5662	0.3201	0.1475
1409	0.9891	0.5657	0.3202	0.1475
1410	0.9891	0.5658	0.3203	0.1475
1411	0.9891	0.5660	0.3204	0.1476
1412	0.9891	0.5661	0.3205	0.1476
1413	0.9891	0.5659	0.3206	0.1477
1414	0.9891	0.5666	0.3207	0.1477
1415	0.9890	0.5663	0.3207	0.1477
1416	0.9890	0.5670	0.3208	0.1478
1417	0.9891	0.5669	0.3209	0.1478
1418	0.9891	0.5669	0.3210	0.1479
1419	0.9890	0.5670	0.3211	0.1479
1420	0.9890	0.5676	0.3211	0.1480
1421	0.9890	0.5668	0.3212	0.1480
1422	0.9891	0.5671	0.3213	0.1481
1423	0.9891	0.5672	0.3214	0.1481
1424	0.9891	0.5676	0.3215	0.1481
1425	0.9900	0.5681	0.3219	0.1483
1426	0.9900	0.5683	0.3220	0.1484
1427	0.9901	0.5676	0.3221	0.1484
1428	0.9901	0.5682	0.3222	0.1485
1429	0.9902	0.5682	0.3223	0.1485
1430	0.9902	0.5684	0.3224	0.1486
1431	0.9901	0.5682	0.3225	0.1486
1432	0.9901	0.5686	0.3226	0.1486
1433	0.9902	0.5682	0.3227	0.1487
1434	0.9902	0.5686	0.3228	0.1487
1435	0.9902	0.5688	0.3229	0.1488
1436	0.9902	0.5688	0.3229	0.1488
1437	0.9902	0.5687	0.3230	0.1489
1438	0.9901	0.5693	0.3231	0.1489
1439	0.9901	0.5688	0.3232	0.1489
1440	0.9901	0.5692	0.3233	0.1490
1441	0.9901	0.5690	0.3234	0.1490
1442	0.9901	0.5695	0.3235	0.1491
1443	0.9901	0.5691	0.3235	0.1491
1444	0.9901	0.5698	0.3236	0.1492
1445	0.9901	0.5691	0.3237	0.1492
1446	0.9901	0.5695	0.3238	0.1492
1447	0.9901	0.5697	0.3239	0.1493
1448	0.9901	0.5694	0.3240	0.1493
1449	0.9901	0.5692	0.3241	0.1494
1450	0.9900	0.5699	0.3241	0.1494
1451	0.9900	0.5694	0.3242	0.1495
1452	0.9900	0.5697	0.3243	0.1495
1453	0.9901	0.5699	0.3244	0.1495
1454	0.9901	0.5699	0.3245	0.1496
1455	0.9901	0.5701	0.3246	0.1496
1456	0.9901	0.5706	0.3247	0.1496
1457	0.9900	0.5698	0.3248	0.1497
1458	0.9901	0.5702	0.3249	0.1497
1459	0.9901	0.5703	0.3249	0.1498
1460	0.9901	0.5705	0.3250	0.1498
1461	0.9901	0.5701	0.3251	0.1498
1462	0.9901	0.5706	0.3252	0.1499
1463	0.9901	0.5701	0.3253	0.1500
1464	0.9901	0.5710	0.3254	0.1500
1465	0.9901	0.5706	0.3255	0.1500
1466	0.9901	0.5711	0.3256	0.1501
1467	0.9901	0.5709	0.3256	0.1501
1468	0.9902	0.5713	0.3257	0.1502
1469	0.9902	0.5707	0.3258	0.1502
1470	0.9902	0.5712	0.3259	0.1503
1471	0.9902	0.5710	0.3260	0.1503
1472	0.9902	0.5715	0.3261	0.1503
1473	0.9902	0.5719	0.3262	0.1504
1474	0.9902	0.5717	0.3263	0.1505
1475	0.9902	0.5717	0.3264	0.1505
1476	0.9902	0.5723	0.3264	0.1505
1477	0.9902	0.5720	0.3265	0.1506
1478	0.9902	0.5722	0.3266	0.1506
1479	0.9902	0.5716	0.3267	0.1506
1480	0.9901	0.5726	0.3268	0.1507
1481	0.9901	0.5720	0.3269	0.1507
1482	0.9901	0.5724	0.3269	0.1508
1483	0.9901	0.5724	0.3270	0.1508
1484	0.9901	0.5726	0.3271	0.1508
1485	0.9901	0.5729	0.3272	0.1509
1486	0.9901	0.5728	0.3273	0.1509
1487	0.9902	0.5724	0.3274	0.1510
1488	0.9901	0.5730	0.3275	0.1510
1489	0.9901	0.5731	0.3276	0.1511
1490	0.9901	0.5736	0.3276	0.1511
1491	0.9901	0.5730	0.3277	0.1511
1492	0.9901	0.5741	0.3278	0.1512
1493	0.9901	0.5730	0.3279	0.1513
1494	0.9902	0.5736	0.3280	0.1513
1495	0.9902	0.5737	0.3281	0.1513
1496	0.9902	0.5742	0.3282	0.1514
1497	0.9901	0.5736	0.3283	0.1514
1498	0.9901	0.5743	0.3283	0.1515
1499	0.9901	0.5735	0.3284	0.1515
1500	0.9901	0.5744	0.3285	0.1516
1501	0.9901	0.5743	0.3286	0.1516
1502	0.9901	0.5745	0.3287	0.1516
1503	0.9901	0.5739	0.3288	0.1517
1504	0.9901	0.5746	0.3289	0.1517
1505	0.9902	0.5737	0.3290	0.1518
1506	0.9902	0.5744	0.3291	0.1518
1507	0.9902	0.5744	0.3291	0.1519
1508	0.9901	0.5745	0.3292	0.1519
1509	0.9901	0.5742	0.3293	0.1519
1510	0.9901	0.5751	0.3294	0.1520
1511	0.9901	0.5744	0.3295	0.1520
1512	0.9901	0.5752	0.3296	0.1521
1513	0.9901	0.5749	0.3297	0.1521
1514	0.9901	0.5755	0.3297	0.1521
1515	0.9900	0.5750	0.3298	0.1522
1516	0.9901	0.5755	0.3299	0.1522
1517	0.9901	0.5746	0.3300	0.1523
1518	0.9901	0.5756	0.3301	0.1523
1519	0.9901	0.5747	0.3302	0.1524
1520	0.9902	0.5752	0.3303	0.1524
1521	0.9902	0.5748	0.3304	0.1524
1522	0.9902	0.5757	0.3304	0.1525
1523	0.9901	0.5748	0.3305	0.1525
1524	0.9901	0.5760	0.3306	0.1526
1525	0.9901	0.5750	0.3307	0.1526
1526	0.9901	0.5759	0.3308	0.1527
1527	0.9902	0.5751	0.3309	0.1527
1528	0.9901	0.5759	0.3310	0.1527
1529	0.9901	0.5755	0.3310	0.1528
1530	0.9900	0.5762	0.3311	0.1529
1531	0.9901	0.5761	0.3312	0.1529
1532	0.9901	0.5756	0.3313	0.1529
1533	0.9901	0.5754	0.3314	0.1530
1534	0.9901	0.5766	0.3315	0.1530
1535	0.9901	0.5757	0.3316	0.1530
1536	0.9902	0.5762	0.3317	0.1531
1537	0.9901	0.5761	0.3318	0.1532
1538	0.9901	0.5766	0.3318	0.1532
1539	0.9901	0.5761	0.3319	0.1532
1540	0.9902	0.5771	0.3320	0.1533
1541	0.9902	0.5763	0.3321	0.1533
1542	0.9902	0.5768	0.3322	0.1534
1543	0.9902	0.5759	0.3323	0.1534
1544	0.9902	0.5772	0.3324	0.1535
1545	0.9901	0.5766	0.3324	0.1535
1546	0.9901	0.5778	0.3325	0.1536
1547	0.9901	0.5762	0.3326	0.1536
1548	0.9901	0.5780	0.3327	0.1536
1549	0.9901	0.5774	0.3328	0.1537
1550	0.9900	0.5773	0.3329	0.1537
1551	0.9900	0.5772	0.3330	0.1538
1552	0.9901	0.5789	0.3330	0.1538
1553	0.9901	0.5772	0.3331	0.1539
1554	0.9901	0.5785	0.3332	0.1539
1555	0.9901	0.5781	0.3333	0.1539
1556	0.9901	0.5784	0.3334	0.1540
1557	0.9901	0.5784	0.3335	0.1540
1558	0.9902	0.5789	0.3336	0.1541
1559	0.9901	0.5778	0.3337	0.1541
1560	0.9902	0.5791	0.3337	0.1541
1561	0.9902	0.5781	0.3338	0.1542
1562	0.9902	0.5794	0.3339	0.1542
1563	0.9901	0.5785	0.3340	0.1543
1564	0.9901	0.5796	0.3341	0.1543
1565	0.9901	0.5787	0.3341	0.1544
1566	0.9901	0.5792	0.3342	0.1544
1567	0.9901	0.5795	0.3343	0.1545
1568	0.9901	0.5794	0.3344	0.1545
1569	0.9901	0.5788	0.3345	0.1545
1570	0.9901	0.5801	0.3346	0.1546
1571	0.9901	0.5791	0.3347	0.1546
1572	0.9901	0.5806	0.3347	0.1547
1573	0.9901	0.5796	0.3348	0.1547
1574	0.9901	0.5799	0.3349	0.1547
1575	0.9901	0.5802	0.3350	0.1548
1576	0.9901	0.5802	0.3351	0.1548
1577	0.9901	0.5793	0.3351	0.1549
1578	0.9901	0.5806	0.3352	0.1549
1579	0.9901	0.5806	0.3353	0.1550
1580	0.9901	0.5807	0.3354	0.1550
1581	0.9901	0.5805	0.3355	0.1551
1582	0.9901	0.5813	0.3356	0.1551
1583	0.9901	0.5799	0.3356	0.1551
1584	0.9902	0.5814	0.3358	0.1552
1585	0.9902	0.5810	0.3358	0.1552
1586	0.9901	0.5809	0.3359	0.1553
1587	0.9901	0.5810	0.3360	0.1553
1588	0.9901	0.5816	0.3361	0.1554
1589	0.9901	0.5807	0.3362	0.1554
1590	0.9901	0.5816	0.3362	0.1554
1591	0.9901	0.5806	0.3363	0.1555
1592	0.9901	0.5814	0.3364	0.1555
1593	0.9901	0.5817	0.3365	0.1556
1594	0.9901	0.5824	0.3366	0.1556
1595	0.9902	0.5811	0.3367	0.1557
1596	0.9903	0.5817	0.3368	0.1557
1597	0.9903	0.5818	0.3369	0.1557
1598	0.9902	0.5818	0.3370	0.1558
1599	0.9903	0.5817	0.3371	0.1559
1600	0.9903	0.5823	0.3372	0.1559
1601	0.9903	0.5811	0.3372	0.1559
1602	0.9903	0.5823	0.3373	0.1560
1603	0.9903	0.5820	0.3374	0.1560
1604	0.9903	0.5822	0.3375	0.1560
1605	0.9903	0.5818	0.3376	0.1561
1606	0.9903	0.5823	0.3377	0.1561
1607	0.9903	0.5817	0.3378	0.1562
1608	0.9903	0.5823	0.3379	0.1562
1609	0.9903	0.5824	0.3379	0.1563
1610	0.9903	0.5823	0.3380	0.1563
1611	0.9903	0.5824	0.3381	0.1564
1612	0.9903	0.5826	0.3382	0.1564
1613	0.9903	0.5820	0.3383	0.1564
1614	0.9903	0.5826	0.3384	0.1565
1615	0.9902	0.5827	0.3384	0.1565
1616	0.9902	0.5826	0.3385	0.1566
1617	0.9902	0.5832	0.3386	0.1566
1618	0.9903	0.5836	0.3387	0.1567
1619	0.9903	0.5827	0.3388	0.1567
1620	0.9903	0.5834	0.3389	0.1567
1621	0.9903	0.5830	0.3390	0.1568
1622	0.9903	0.5834	0.3391	0.1569
1623	0.9903	0.5831	0.3391	0.1569
1624	0.9903	0.5838	0.3392	0.1569
1625	0.9902	0.5825	0.3393	0.1570
1626	0.9893	0.5832	0.3390	0.1569
1627	0.9893	0.5831	0.3391	0.1569
1628	0.9892	0.5834	0.3392	0.1570
1629	0.9892	0.5828	0.3393	0.1570
1630	0.9892	0.5835	0.3394	0.1571
1631	0.9892	0.5829	0.3395	0.1571
1632	0.9892	0.5838	0.3395	0.1571
1633	0.9891	0.5834	0.3396	0.1572
1634	0.9891	0.5832	0.3397	0.1572
1635	0.9891	0.5834	0.3398	0.1573
1636	0.9891	0.5840	0.3399	0.1573
1637	0.9892	0.5838	0.3400	0.1574
1638	0.9892	0.5850	0.3401	0.1574
1639	0.9892	0.5838	0.3402	0.1575
1640	0.9892	0.5845	0.3403	0.1575
1641	0.9891	0.5843	0.3403	0.1576
1642	0.9891	0.5849	0.3404	0.1576
1643	0.9891	0.5843	0.3405	0.1576
1644	0.9891	0.5850	0.3406	0.1577
1645	0.9891	0.5849	0.3407	0.1577
1646	0.9891	0.5851	0.3408	0.1578
1647	0.9891	0.5858	0.3409	0.1578
1648	0.9891	0.5860	0.3410	0.1579
1649	0.9891	0.5848	0.3411	0.1579
1650	0.9891	0.5861	0.3412	0.1580
1651	0.9891	0.5855	0.3413	0.1580
1652	0.9890	0.5853	0.3414	0.1581
1653	0.9890	0.5853	0.3414	0.1581
1654	0.9890	0.5863	0.3415	0.1582
1655	0.9890	0.5853	0.3416	0.1582
1656	0.9890	0.5870	0.3417	0.1583
1657	0.9890	0.5862	0.3418	0.1583
1658	0.9890	0.5861	0.3419	0.1584
1659	0.9890	0.5860	0.3420	0.1584
1660	0.9890	0.5864	0.3421	0.1584
1661	0.9889	0.5854	0.3421	0.1585
1662	0.9890	0.5864	0.3422	0.1585
1663	0.9890	0.5866	0.3423	0.1586
1664	0.9890	0.5867	0.3424	0.1586
1665	0.9890	0.5865	0.3425	0.1587
1666	0.9890	0.5866	0.3426	0.1587
1667	0.9890	0.5859	0.3427	0.1588
1668	0.9890	0.5861	0.3428	0.1588
1669	0.9890	0.5862	0.3429	0.1589
1670	0.9889	0.5867	0.3429	0.1589
1671	0.9889	0.5877	0.3430	0.1589
1672	0.9890	0.5881	0.3431	0.1590
1673	0.9890	0.5879	0.3432	0.1590
1674	0.9890	0.5873	0.3433	0.1591
1675	0.9890	0.5878	0.3434	0.1591
1676	0.9880	0.5864	0.3431	0.1590
1677	0.9879	0.5878	0.3432	0.1590
1678	0.9879	0.5871	0.3433	0.1591
1679	0.9880	0.5875	0.3434	0.1591
1680	0.9880	0.5875	0.3435	0.1592
1681	0.9879	0.5873	0.3436	0.1592
1682	0.9879	0.5862	0.3437	0.1593
1683	0.9879	0.5874	0.3437	0.1593
1684	0.9879	0.5874	0.3439	0.1594
1685	0.9878	0.5881	0.3439	0.1594
1686	0.9878	0.5880	0.3440	0.1594
1687	0.9879	0.5878	0.3441	0.1595
1688	0.9878	0.5871	0.3442	0.1596
1689	0.9878	0.5889	0.3443	0.1596
1690	0.9878	0.5881	0.3444	0.1596
1691	0.9878	0.5883	0.3445	0.1597
1692	0.9879	0.5883	0.3446	0.1597
1693	0.9879	0.5881	0.3447	0.1598
1694	0.9878	0.5885	0.3447	0.1598
1695	0.9878	0.5890	0.3448	0.1599
1696	0.9878	0.5877	0.3449	0.1599
1697	0.9878	0.5885	0.3450	0.1600
1698	0.9878	0.5892	0.3451	0.1600
1699	0.9878	0.5894	0.3452	0.1601
1700	0.9878	0.5889	0.3453	0.1601
1701	0.9878	0.5892	0.3454	0.1601
1702	0.9878	0.5886	0.3455	0.1602
1703	0.9878	0.5893	0.3456	0.1602
1704	0.9878	0.5900	0.3457	0.1603
1705	0.9878	0.5895	0.3457	0.1603
1706	0.9878	0.5893	0.3458	0.1604
1707	0.9878	0.5901	0.3459	0.1605
1708	0.9878	0.5898	0.3460	0.1605
1709	0.9876	0.5906	0.3461	0.1605
1710	0.9876	0.5901	0.3461	0.1606
1711	0.9876	0.5899	0.3462	0.1606
1712	0.9876	0.5897	0.3463	0.1606
1713	0.9877	0.5909	0.3464	0.1607
1714	0.9877	0.5906	0.3465	0.1608
1715	0.9877	0.5910	0.3466	0.1608
1716	0.9877	0.5910	0.3467	0.1609
1717	0.9876	0.5913	0.3468	0.1609
1718	0.9877	0.5905	0.3469	0.1610
1719	0.9877	0.5913	0.3470	0.1610
1720	0.9877	0.5909	0.3470	0.1611
1721	0.9877	0.5909	0.3471	0.1611
1722	0.9877	0.5907	0.3472	0.1612
1723	0.9877	0.5909	0.3472	0.1612
1724	0.9877	0.5913	0.3473	0.1612
1725	0.9877	0.5917	0.3474	0.1613
1726	0.9877	0.5910	0.3475	0.1614
1727	0.9877	0.5916	0.3475	0.1614
1728	0.9877	0.5921	0.3476	0.1614
1729	0.9877	0.5916	0.3477	0.1614
1730	0.9878	0.5908	0.3477	0.1615
1731	0.9878	0.5916	0.3478	0.1615
1732	0.9877	0.5923	0.3478	0.1615
1733	0.9877	0.5916	0.3479	0.1616
1734	0.9877	0.5924	0.3480	0.1616
1735	0.9877	0.5922	0.3480	0.1617
1736	0.9877	0.5916	0.3481	0.1617
1737	0.9877	0.5924	0.3482	0.1617
1738	0.9877	0.5915	0.3482	0.1618
1739	0.9878	0.5913	0.3483	0.1618
1740	0.9878	0.5918	0.3483	0.1619
1741	0.9878	0.5922	0.3484	0.1619
1742	0.9877	0.5914	0.3485	0.1619
1743	0.9877	0.5926	0.3485	0.1619
1744	0.9876	0.5928	0.3485	0.1620
1745	0.9877	0.5922	0.3486	0.1620
1746	0.9877	0.5928	0.3486	0.1621
1747	0.9877	0.5921	0.3487	0.1621
1748	0.9877	0.5914	0.3488	0.1621
1749	0.9877	0.5922	0.3488	0.1622
1750	0.9877	0.5917	0.3489	0.1622
1751	0.9878	0.5926	0.3489	0.1622
1752	0.9878	0.5933	0.3490	0.1622
1753	0.9878	0.5931	0.3491	0.1623
1754	0.9878	0.5928	0.3491	0.1623
1755	0.9878	0.5933	0.3492	0.1623
1756	0.9878	0.5924	0.3493	0.1624
1757	0.9878	0.5928	0.3493	0.1624
1758	0.9877	0.5933	0.3493	0.1624
1759	0.9877	0.5927	0.3494	0.1624
1760	0.9878	0.5931	0.3495	0.1625
1761	0.9878	0.5932	0.3496	0.1625
1762	0.9877	0.5927	0.3496	0.1626
1763	0.9877	0.5934	0.3497	0.1626
1764	0.9878	0.5939	0.3498	0.1626
1765	0.9878	0.5937	0.3499	0.1627
1766	0.9878	0.5935	0.3499	0.1627
1767	0.9878	0.5938	0.3500	0.1628
1768	0.9878	0.5932	0.3500	0.1628
1769	0.9878	0.5931	0.3501	0.1628
1770	0.9878	0.5940	0.3502	0.1629
1771	0.9878	0.5936	0.3503	0.1629
1772	0.9878	0.5934	0.3504	0.1630
1773	0.9878	0.5943	0.3505	0.1630
1774	0.9878	0.5938	0.3505	0.1630
1775	0.9878	0.5932	0.3506	0.1631
1776	0.9879	0.5944	0.3507	0.1631
1777	0.9878	0.5943	0.3508	0.1631
1778	0.9878	0.5940	0.3508	0.1632
1779	0.9878	0.5948	0.3509	0.1633
1780	0.9878	0.5941	0.3510	0.1633
1781	0.9879	0.5939	0.3511	0.1633
1782	0.9878	0.5949	0.3512	0.1633
1783	0.9878	0.5950	0.3513	0.1634
1784	0.9878	0.5952	0.3513	0.1635
1785	0.9877	0.5952	0.3514	0.1635
1786	0.9878	0.5945	0.3515	0.1635
1787	0.9878	0.5943	0.3516	0.1636
1788	0.9878	0.5946	0.3517	0.1636
1789	0.9878	0.5944	0.3518	0.1637
1790	0.9879	0.5947	0.3519	0.1637
1791	0.9879	0.5951	0.3520	0.1637
1792	0.9879	0.5948	0.3520	0.1638
1793	0.9879	0.5953	0.3521	0.1638
1794	0.9879	0.5959	0.3522	0.1639
1795	0.9879	0.5949	0.3523	0.1639
1796	0.9879	0.5947	0.3524	0.1640
1797	0.9879	0.5954	0.3525	0.1640
1798	0.9879	0.5953	0.3526	0.1641
1799	0.9879	0.5954	0.3526	0.1641
1800	0.9879	0.5955	0.3527	0.1642
1801	0.9879	0.5950	0.3528	0.1642
1802	0.9880	0.5957	0.3529	0.1643
1803	0.9880	0.5961	0.3530	0.1643
1804	0.9880	0.5953	0.3531	0.1644
1805	0.9880	0.5949	0.3532	0.1644
1806	0.9880	0.5956	0.3533	0.1645
1807	0.9870	0.5949	0.3530	0.1643
1808	0.9870	0.5954	0.3531	0.1644
1809	0.9870	0.5958	0.3532	0.1645
1810	0.9870	0.5950	0.3533	0.1645
1811	0.9870	0.5947	0.3534	0.1645
1812	0.9870	0.5948	0.3535	0.1646
1813	0.9870	0.5942	0.3536	0.1647
1814	0.9869	0.5952	0.3536	0.1647
1815	0.9869	0.5958	0.3537	0.1648
1816	0.9869	0.5951	0.3538	0.1648
1817	0.9869	0.5956	0.3539	0.1649
1818	0.9868	0.5960	0.3540	0.1649
1819	0.9858	0.5949	0.3537	0.1648
1820	0.9858	0.5955	0.3538	0.1649
1821	0.9858	0.5957	0.3539	0.1649
1822	0.9858	0.5955	0.3540	0.1649
1823	0.9858	0.5956	0.3541	0.1650
1824	0.9858	0.5964	0.3542	0.1651
1825	0.9857	0.5948	0.3542	0.1651
1826	0.9857	0.5958	0.3543	0.1652
1827	0.9857	0.5968	0.3544	0.1652
1828	0.9856	0.5968	0.3545	0.1652
1829	0.9857	0.5973	0.3546	0.1653
1830	0.9857	0.5965	0.3547	0.1654
1831	0.9856	0.5952	0.3548	0.1654
1832	0.9846	0.5956	0.3545	0.1653
1833	0.9846	0.5969	0.3546	0.1654
1834	0.9846	0.5981	0.3547	0.1654
1835	0.9845	0.5978	0.3548	0.1655
1836	0.9845	0.5970	0.3549	0.1655
1837	0.9845	0.5965	0.3550	0.1655
1838	0.9844	0.5969	0.3550	0.1656
1839	0.9844	0.5970	0.3551	0.1657
1840	0.9843	0.5975	0.3552	0.1657
1841	0.9843	0.5976	0.3553	0.1658
1842	0.9843	0.5984	0.3554	0.1658
1843	0.9843	0.5971	0.3555	0.1658
1844	0.9832	0.5966	0.3552	0.1657
1845	0.9832	0.5971	0.3553	0.1658
1846	0.9832	0.5974	0.3554	0.1658
1847	0.9832	0.5977	0.3554	0.1658
1848	0.9832	0.5982	0.3556	0.1658
1849	0.9832	0.5969	0.3557	0.1659
1850	0.9832	0.5982	0.3558	0.1660
1851	0.9832	0.5989	0.3559	0.1660
1852	0.9833	0.5979	0.3560	0.1661
1853	0.9833	0.5984	0.3561	0.1661
1854	0.9834	0.5986	0.3562	0.1662
1855	0.9834	0.5975	0.3563	0.1662
1856	0.9834	0.5986	0.3563	0.1663
1857	0.9834	0.5990	0.3565	0.1664
1858	0.9835	0.5982	0.3566	0.1664
1859	0.9835	0.5995	0.3567	0.1665
1860	0.9835	0.6008	0.3568	0.1665
1861	0.9835	0.5987	0.3568	0.1666
1862	0.9836	0.5991	0.3570	0.1666
1863	0.9836	0.5996	0.3571	0.1667
1864	0.9835	0.5997	0.3571	0.1668
1865	0.9835	0.5989	0.3572	0.1668
1866	0.9834	0.5992	0.3572	0.1669
1867	0.9834	0.5983	0.3573	0.1670
1868	0.9833	0.5991	0.3573	0.1670
1869	0.9832	0.5989	0.3574	0.1670
1870	0.9831	0.5998	0.3574	0.1671
1871	0.9830	0.6003	0.3575	0.1671
1872	0.9830	0.6004	0.3575	0.1672
1873	0.9829	0.5992	0.3576	0.1672
1874	0.9829	0.6001	0.3577	0.1672
1875	0.9828	0.6010	0.3578	0.1672
1876	0.9818	0.5996	0.3575	0.1671
1877	0.9818	0.5990	0.3575	0.1671
1878	0.9818	0.5999	0.3576	0.1671
1879	0.9818	0.5988	0.3577	0.1672
1880	0.9818	0.6008	0.3578	0.1672
1881	0.9818	0.5997	0.3579	0.1672
1882	0.9818	0.5998	0.3579	0.1673
1883	0.9818	0.6009	0.3580	0.1673
1884	0.9819	0.6003	0.3581	0.1673
1885	0.9820	0.5990	0.3582	0.1674
1886	0.9821	0.5989	0.3583	0.1675
1887	0.9821	0.5990	0.3584	0.1676
1888	0.9821	0.6015	0.3585	0.1676
1889	0.9822	0.6023	0.3585	0.1677
1890	0.9823	0.6008	0.3586	0.1677
1891	0.9823	0.5997	0.3587	0.1678
1892	0.9824	0.6010	0.3588	0.1678
1893	0.9824	0.6005	0.3589	0.1679
1894	0.9825	0.6010	0.3590	0.1679
1895	0.9825	0.6025	0.3590	0.1680
1896	0.9825	0.6019	0.3591	0.1680
1897	0.9824	0.5992	0.3592	0.1681
1898	0.9824	0.6000	0.3593	0.1681
1899	0.9824	0.6022	0.3593	0.1681
1900	0.9823	0.6015	0.3594	0.1682
1901	0.9823	0.6026	0.3594	0.1683
1902	0.9824	0.6036	0.3595	0.1683
1903	0.9824	0.5978	0.3596	0.1684
1904	0.9824	0.5975	0.3597	0.1683
1905	0.9823	0.6018	0.3598	0.1684
1906	0.9822	0.6015	0.3598	0.1684
1907	0.9823	0.6028	0.3599	0.1684
1908	0.9822	0.6020	0.3599	0.1685
1909	0.9822	0.6000	0.3600	0.1686
1910	0.9822	0.6027	0.3601	0.1686
1911	0.9821	0.6037	0.3601	0.1686
1912	0.9820	0.6040	0.3602	0.1688
1913	0.9821	0.6026	0.3603	0.1688
1914	0.9821	0.6023	0.3604	0.1687
1915	0.9821	0.6021	0.3605	0.1688
1916	0.9821	0.6037	0.3605	0.1689
1917	0.9821	0.6027	0.3606	0.1689
1918	0.9821	0.6050	0.3607	0.1690
1919	0.9821	0.6060	0.3607	0.1690
1920	0.9821	0.6026	0.3608	0.1690
1921	0.9821	0.6047	0.3609	0.1690
1922	0.9821	0.6044	0.3609	0.1691
1923	0.9821	0.6039	0.3610	0.1692
1924	0.9821	0.6042	0.3611	0.1692
1925	0.9820	0.6052	0.3612	0.1692
1926	0.9810	0.6041	0.3608	0.1691
1927	0.9810	0.6037	0.3609	0.1691
1928	0.9810	0.6074	0.3610	0.1691
1929	0.9809	0.6021	0.3611	0.1692
1930	0.9810	0.6059	0.3612	0.1692
1931	0.9810	0.6066	0.3612	0.1692
1932	0.9809	0.6050	0.3613	0.1693
1933	0.9808	0.6024	0.3613	0.1693
1934	0.9808	0.6055	0.3614	0.1694
1935	0.9808	0.6026	0.3615	0.1694
1936	0.9808	0.6052	0.3616	0.1695
1937	0.9808	0.6075	0.3617	0.1696
1938	0.9807	0.6047	0.3617	0.1695
1939	0.9808	0.6024	0.3618	0.1695
1940	0.9808	0.6057	0.3619	0.1696
1941	0.9807	0.6062	0.3619	0.1697
1942	0.9807	0.6060	0.3621	0.1697
1943	0.9807	0.6051	0.3621	0.1698
1944	0.9807	0.6048	0.3622	0.1699
1945	0.9807	0.6039	0.3623	0.1698
1946	0.9806	0.6056	0.3624	0.1698
1947	0.9807	0.6049	0.3625	0.1699
1948	0.9807	0.6075	0.3626	0.1699
1949	0.9807	0.6087	0.3627	0.1700
1950	0.9807	0.6045	0.3628	0.1701
1951	0.9807	0.6021	0.3629	0.1701
1952	0.9807	0.6040	0.3630	0.1702
1953	0.9806	0.6061	0.3631	0.1702
1954	0.9806	0.6058	0.3632	0.1703
1955	0.9806	0.6046	0.3633	0.1703
1956	0.9806	0.6077	0.3634	0.1704
1957	0.9806	0.6049	0.3635	0.1704
1958	0.9805	0.6065	0.3636	0.1705
1959	0.9795	0.6062	0.3633	0.1703
1960	0.9795	0.6070	0.3634	0.1704
1961	0.9795	0.6059	0.3635	0.1705
1962	0.9795	0.6066	0.3636	0.1705
1963	0.9795	0.6058	0.3637	0.1706
1964	0.9795	0.6067	0.3639	0.1706
1965	0.9795	0.6058	0.3640	0.1706
1966	0.9794	0.6064	0.3641	0.1706
1967	0.9794	0.6084	0.3642	0.1708
1968	0.9794	0.6079	0.3643	0.1708
1969	0.9794	0.6073	0.3645	0.1708
1970	0.9793	0.6054	0.3646	0.1710
1971	0.9794	0.6051	0.3647	0.1710
1972	0.9794	0.6070	0.3648	0.1711
1973	0.9793	0.6075	0.3650	0.1711
1974	0.9793	0.6082	0.3651	0.1712
1975	0.9793	0.6042	0.3652	0.1713
1976	0.9783	0.6058	0.3649	0.1711
1977	0.9782	0.6062	0.3651	0.1712
1978	0.9781	0.6102	0.3652	0.1712
1979	0.9781	0.6100	0.3653	0.1713
1980	0.9781	0.6084	0.3654	0.1714
1981	0.9780	0.6060	0.3656	0.1714
1982	0.9780	0.6063	0.3657	0.1715
1983	0.9779	0.6080	0.3658	0.1716
1984	0.9779	0.6073	0.3660	0.1717
1985	0.9779	0.6085	0.3661	0.1717
1986	0.9779	0.6073	0.3663	0.1718
1987	0.9778	0.6079	0.3664	0.1718
1988	0.9779	0.6081	0.3666	0.1719
1989	0.9778	0.6068	0.3667	0.1720
1990	0.9778	0.6070	0.3669	0.1721
1991	0.9777	0.6105	0.3670	0.1722
1992	0.9767	0.6093	0.3668	0.1720
1993	0.9766	0.6070	0.3669	0.1722
1994	0.9765	0.6081	0.3671	0.1722
1995	0.9765	0.6077	0.3672	0.1723
1996	0.9764	0.6085	0.3673	0.1724
1997	0.9764	0.6092	0.3675	0.1725
1998	0.9764	0.6084	0.3677	0.1726
1999	0.9763	0.6067	0.3678	0.1727
2000	0.9762	0.6088	0.3679	0.1727
2001	0.9762	0.6095	0.3681	0.1728
2002	0.9761	0.6100	0.3682	0.1728
2003	0.9751	0.6098	0.3680	0.1728
2004	0.9751	0.6102	0.3682	0.1729
2005	0.9750	0.6060	0.3683	0.1729
2006	0.9749	0.6098	0.3685	0.1730
2007	0.9749	0.6112	0.3686	0.1731
2008	0.9738	0.6087	0.3684	0.1730
2009	0.9738	0.6110	0.3686	0.1730
2010	0.9738	0.6110	0.3687	0.1732
2011	0.9737	0.6092	0.3689	0.1733
2012	0.9736	0.6080	0.3690	0.1733
2013	0.9735	0.6091	0.3692	0.1734
2014	0.9735	0.6097	0.3694	0.1735
2015	0.9734	0.6118	0.3695	0.1737
2016	0.9723	0.6133	0.3693	0.1735
2017	0.9723	0.6082	0.3695	0.1736
2018	0.9723	0.6115	0.3696	0.1737
2019	0.9721	0.6114	0.3697	0.1737
2020	0.9720	0.6093	0.3699	0.1738
2021	0.9720	0.6128	0.3701	0.1739
2022	0.9720	0.6122	0.3703	0.1740
2023	0.9709	0.6096	0.3701	0.1739
2024	0.9709	0.6099	0.3702	0.1740
2025	0.9708	0.6111	0.3704	0.1741
2026	0.9707	0.6119	0.3705	0.1741
2027	0.9706	0.6131	0.3707	0.1742
2028	0.9695	0.6136	0.3704	0.1741
2029	0.9695	0.6116	0.3706	0.1742
2030	0.9694	0.6132	0.3708	0.1744
2031	0.9694	0.6101	0.3709	0.1745
2032	0.9693	0.6140	0.3711	0.1745
2033	0.9693	0.6144	0.3712	0.1746
2034	0.9692	0.6148	0.3714	0.1746
2035	0.9691	0.6130	0.3715	0.1748
2036	0.9680	0.6122	0.3713	0.1748
2037	0.9680	0.6129	0.3714	0.1748
2038	0.9679	0.6139	0.3715	0.1749
2039	0.9678	0.6149	0.3717	0.1749
2040	0.9677	0.6170	0.3718	0.1751
2041	0.9677	0.6118	0.3719	0.1751
2042	0.9676	0.6123	0.3721	0.1753
2043	0.9665	0.6147	0.3718	0.1751
2044	0.9665	0.6155	0.3720	0.1752
2045	0.9664	0.6160	0.3721	0.1753
2046	0.9664	0.6159	0.3722	0.1754
2047	0.9664	0.6117	0.3724	0.1755
2048	0.9654	0.6168	0.3721	0.1753
2049	0.9653	0.6145	0.3722	0.1753
2050	0.9652	0.6167	0.3723	0.1755
2051	0.9651	0.6182	0.3724	0.1755
2052	0.9651	0.6171	0.3726	0.1756
2053	0.9651	0.6114	0.3727	0.1757
2054	0.9650	0.6163	0.3729	0.1758
2055	0.9650	0.6174	0.3730	0.1758
2056	0.9639	0.6151	0.3727	0.1758
2057	0.9639	0.6146	0.3728	0.1758
2058	0.9638	0.6166	0.3729	0.1758
2059	0.9638	0.6123	0.3730	0.1760
2060	0.9637	0.6124	0.3731	0.1760
2061	0.9637	0.6135	0.3732	0.1760
2062	0.9636	0.6173	0.3734	0.1761
2063	0.9635	0.6169	0.3735	0.1762
2064	0.9635	0.6161	0.3736	0.1763
2065	0.9635	0.6162	0.3737	0.1763
2066	0.9624	0.6147	0.3734	0.1762
2067	0.9624	0.6191	0.3736	0.1762
2068	0.9624	0.6191	0.3737	0.1763
2069	0.9623	0.6179	0.3738	0.1764
2070	0.9623	0.6155	0.3739	0.1765
2071	0.9622	0.6145	0.3740	0.1765
2072	0.9622	0.6186	0.3742	0.1767
2073	0.9622	0.6172	0.3743	0.1767
2074	0.9622	0.6191	0.3744	0.1767
2075	0.9621	0.6142	0.3745	0.1768
2076	0.9610	0.6171	0.3743	0.1768
2077	0.9610	0.6159	0.3744	0.1768
2078	0.9610	0.6181	0.3745	0.1768
2079	0.9609	0.6177	0.3747	0.1769
2080	0.9609	0.6194	0.3748	0.1769
2081	0.9608	0.6175	0.3749	0.1770
2082	0.9608	0.6161	0.3750	0.1771
2083	0.9607	0.6150	0.3751	0.1771
2084	0.9607	0.6172	0.3753	0.1774
2085	0.9606	0.6174	0.3754	0.1774
2086	0.9596	0.6211	0.3751	0.1772
2087	0.9596	0.6184	0.3753	0.1772
2088	0.9596	0.6205	0.3754	0.1774
2089	0.9596	0.6186	0.3756	0.1774
2090	0.9595	0.6178	0.3756	0.1774
2091	0.9595	0.6188	0.3758	0.1775
2092	0.9594	0.6197	0.3759	0.1777
2093	0.9594	0.6200	0.3761	0.1778
2094	0.9594	0.6223	0.3762	0.1778
2095	0.9593	0.6183	0.3763	0.1778
2096	0.9583	0.6153	0.3760	0.1777
2097	0.9583	0.6179	0.3762	0.1778
2098	0.9582	0.6191	0.3763	0.1778
2099	0.9581	0.6225	0.3765	0.1779
2100	0.9580	0.6202	0.3766	0.1780
2101	0.9580	0.6154	0.3767	0.1782
2102	0.9579	0.6177	0.3769	0.1783
2103	0.9579	0.6213	0.3770	0.1785
2104	0.9579	0.6214	0.3772	0.1783
2105	0.9578	0.6194	0.3774	0.1785
2106	0.9568	0.6195	0.3772	0.1783
2107	0.9567	0.6190	0.3773	0.1784
2108	0.9567	0.6217	0.3774	0.1785
2109	0.9567	0.6207	0.3776	0.1786
2110	0.9567	0.6180	0.3778	0.1787
2111	0.9566	0.6211	0.3779	0.1788
2112	0.9565	0.6198	0.3781	0.1790
2113	0.9565	0.6206	0.3783	0.1791
2114	0.9565	0.6194	0.3785	0.1791
2115	0.9563	0.6214	0.3786	0.1792
2116	0.9553	0.6201	0.3784	0.1790
2117	0.9552	0.6227	0.3786	0.1791
2118	0.9552	0.6227	0.3787	0.1792
2119	0.9553	0.6186	0.3789	0.1792
2120	0.9551	0.6181	0.3791	0.1794
2121	0.9551	0.6221	0.3793	0.1795
2122	0.9551	0.6269	0.3794	0.1796
2123	0.9541	0.6248	0.3792	0.1795
2124	0.9540	0.6255	0.3793	0.1796
2125	0.9539	0.6212	0.3794	0.1797
2126	0.9540	0.6249	0.3796	0.1799
2127	0.9540	0.6205	0.3797	0.1801
2128	0.9530	0.6256	0.3795	0.1799
2129	0.9529	0.6258	0.3796	0.1799
2130	0.9529	0.6277	0.3798	0.1800
2131	0.9529	0.6236	0.3798	0.1802
2132	0.9528	0.6228	0.3799	0.1802
2133	0.9528	0.6253	0.3800	0.1803
2134	0.9528	0.6234	0.3801	0.1805
2135	0.9528	0.6254	0.3801	0.1806
2136	0.9528	0.6243	0.3802	0.1804
2137	0.9528	0.6261	0.3803	0.1805
2138	0.9529	0.6263	0.3804	0.1807
2139	0.9528	0.6249	0.3804	0.1807
2140	0.9529	0.6241	0.3804	0.1806
2141	0.9530	0.6307	0.3804	0.1808
2142	0.9529	0.6256	0.3804	0.1808
2143	0.9530	0.6226	0.3805	0.1810
2144	0.9531	0.6208	0.3805	0.1809
2145	0.9541	0.6251	0.3808	0.1810
2146	0.9541	0.6271	0.3809	0.1812
2147	0.9542	0.6284	0.3808	0.1812
2148	0.9543	0.6246	0.3808	0.1812
2149	0.9542	0.6210	0.3807	0.1811
2150	0.9543	0.6219	0.3807	0.1812
2151	0.9544	0.6242	0.3807	0.1812
2152	0.9545	0.6267	0.3806	0.1813
2153	0.9556	0.6288	0.3809	0.1813
2154	0.9556	0.6280	0.3808	0.1814
2155	0.9557	0.6270	0.3808	0.1812
2156	0.9558	0.6229	0.3807	0.1812
2157	0.9559	0.6243	0.3806	0.1811
2158	0.9570	0.6269	0.3809	0.1812
2159	0.9570	0.6271	0.3808	0.1812
2160	0.9571	0.6227	0.3808	0.1814
2161	0.9571	0.6218	0.3806	0.1813
2162	0.9582	0.6233	0.3809	0.1815
2163	0.9582	0.6267	0.3808	0.1813
2164	0.9583	0.6280	0.3805	0.1814
2165	0.9594	0.6295	0.3809	0.1814
2166	0.9595	0.6309	0.3808	0.1814
2167	0.9596	0.6235	0.3806	0.1813
2168	0.9596	0.6247	0.3805	0.1813
2169	0.9606	0.6272	0.3807	0.1815
2170	0.9607	0.6292	0.3806	0.1813
2171	0.9608	0.6315	0.3805	0.1812
2172	0.9619	0.6233	0.3808	0.1814
2173	0.9620	0.6191	0.3807	0.1813
2174	0.9621	0.6239	0.3805	0.1813
2175	0.9631	0.6297	0.3808	0.1815
2176	0.9632	0.6293	0.3807	0.1814
2177	0.9632	0.6293	0.3806	0.1813
2178	0.9633	0.6233	0.3805	0.1812
2179	0.9643	0.6215	0.3808	0.1814
2180	0.9644	0.6218	0.3807	0.1813
2181	0.9646	0.6245	0.3806	0.1813
2182	0.9646	0.6280	0.3805	0.1813
2183	0.9656	0.6287	0.3809	0.1815
2184	0.9657	0.6257	0.3807	0.1814
2185	0.9658	0.6225	0.3806	0.1813
2186	0.9659	0.6221	0.3806	0.1813
2187	0.9659	0.6248	0.3805	0.1812
2188	0.9670	0.6285	0.3808	0.1814
2189	0.9670	0.6289	0.3807	0.1814
2190	0.9671	0.6280	0.3806	0.1813
2191	0.9671	0.6243	0.3805	0.1812
2192	0.9672	0.6236	0.3805	0.1811
2193	0.9683	0.6229	0.3809	0.1813
2194	0.9683	0.6282	0.3808	0.1812
2195	0.9684	0.6257	0.3808	0.1812
2196	0.9684	0.6218	0.3807	0.1813
2197	0.9684	0.6219	0.3807	0.1813
2198	0.9694	0.6240	0.3810	0.1814
2199	0.9694	0.6242	0.3810	0.1814
2200	0.9695	0.6261	0.3810	0.1814
2201	0.9695	0.6258	0.3810	0.1813
2202	0.9696	0.6230	0.3809	0.1813
2203	0.9696	0.6196	0.3809	0.1814
2204	0.9697	0.6185	0.3809	0.1813
2205	0.9697	0.6220	0.3809	0.1812
2206	0.9698	0.6218	0.3809	0.1811
2207	0.9698	0.6238	0.3809	0.1813
2208	0.9699	0.6237	0.3809	0.1813
2209	0.9699	0.6216	0.3810	0.1813
2210	0.9700	0.6211	0.3810	0.1813
2211	0.9700	0.6226	0.3810	0.1815
2212	0.9700	0.6243	0.3810	0.1814
2213	0.9700	0.6225	0.3810	0.1813
2214	0.9701	0.6230	0.3810	0.1814
2215	0.9711	0.6182	0.3814	0.1816
2216	0.9711	0.6176	0.3815	0.1816
2217	0.9711	0.6225	0.3816	0.1816
2218	0.9711	0.6214	0.3816	0.1816
2219	0.9711	0.6243	0.3816	0.1816
2220	0.9711	0.6248	0.3816	0.1816
2221	0.9711	0.6218	0.3817	0.1817
2222	0.9710	0.6217	0.3817	0.1818
2223	0.9710	0.6251	0.3818	0.1817
2224	0.9711	0.6252	0.3818	0.1817
2225	0.9712	0.6243	0.3819	0.1819
2226	0.9713	0.6235	0.3820	0.1819
2227	0.9713	0.6215	0.3821	0.1819
2228	0.9713	0.6224	0.3822	0.1820
2229	0.9713	0.6235	0.3822	0.1820
2230	0.9712	0.6213	0.3823	0.1820
2231	0.9712	0.6250	0.3824	0.1820
2232	0.9713	0.6255	0.3825	0.1820
2233	0.9713	0.6227	0.3825	0.1820
2234	0.9713	0.6217	0.3826	0.1821
2235	0.9713	0.6221	0.3827	0.1822
2236	0.9703	0.6256	0.3824	0.1820
2237	0.9704	0.6265	0.3825	0.1820
2238	0.9704	0.6243	0.3825	0.1821
2239	0.9703	0.6207	0.3826	0.1822
2240	0.9704	0.6192	0.3827	0.1823
2241	0.9704	0.6230	0.3827	0.1825
2242	0.9703	0.6267	0.3828	0.1824
2243	0.9703	0.6261	0.3830	0.1824
2244	0.9703	0.6246	0.3831	0.1824
2245	0.9703	0.6249	0.3832	0.1825
2246	0.9702	0.6229	0.3833	0.1826
2247	0.9701	0.6248	0.3833	0.1826
2248	0.9701	0.6298	0.3835	0.1827
2249	0.9702	0.6276	0.3835	0.1828
2250	0.9701	0.6258	0.3836	0.1828
2251	0.9701	0.6218	0.3837	0.1829
2252	0.9701	0.6217	0.3838	0.1829
2253	0.9700	0.6249	0.3839	0.1829
2254	0.9700	0.6251	0.3840	0.1830
2255	0.9699	0.6275	0.3841	0.1832
2256	0.9690	0.6276	0.3838	0.1830
2257	0.9690	0.6256	0.3839	0.1829
2258	0.9690	0.6221	0.3841	0.1830
2259	0.9691	0.6224	0.3841	0.1830
2260	0.9690	0.6261	0.3842	0.1831
2261	0.9690	0.6278	0.3843	0.1832
2262	0.9690	0.6265	0.3844	0.1832
2263	0.9689	0.6232	0.3845	0.1833
2264	0.9688	0.6238	0.3846	0.1834
2265	0.9687	0.6283	0.3847	0.1835
2266	0.9688	0.6281	0.3849	0.1836
2267	0.9688	0.6274	0.3850	0.1837
2268	0.9688	0.6254	0.3850	0.1837
2269	0.9688	0.6195	0.3851	0.1836
2270	0.9687	0.6238	0.3852	0.1837
2271	0.9687	0.6271	0.3854	0.1838
2272	0.9687	0.6264	0.3855	0.1840
2273	0.9686	0.6286	0.3856	0.1839
2274	0.9686	0.6249	0.3857	0.1840
2275	0.9686	0.6225	0.3858	0.1841
2276	0.9676	0.6247	0.3856	0.1840
2277	0.9676	0.6304	0.3857	0.1840
2278	0.9674	0.6347	0.3858	0.1841
2279	0.9675	0.6312	0.3860	0.1844
2280	0.9674	0.6254	0.3861	0.1844
2281	0.9674	0.6244	0.3861	0.1843
2282	0.9674	0.6256	0.3863	0.1845
2283	0.9674	0.6308	0.3864	0.1845
2284	0.9673	0.6289	0.3865	0.1846
2285	0.9673	0.6292	0.3866	0.1847
2286	0.9663	0.6300	0.3863	0.1846
2287	0.9662	0.6280	0.3865	0.1846
2288	0.9661	0.6269	0.3866	0.1846
2289	0.9660	0.6290	0.3866	0.1846
2290	0.9660	0.6314	0.3868	0.1846
2291	0.9659	0.6330	0.3870	0.1849
2292	0.9659	0.6306	0.3869	0.1849
2293	0.9649	0.6212	0.3866	0.1848
2294	0.9648	0.6206	0.3868	0.1848
2295	0.9648	0.6307	0.3870	0.1847
2296	0.9648	0.6277	0.3870	0.1849
2297	0.9647	0.6286	0.3872	0.1850
2298	0.9636	0.6304	0.3870	0.1849
2299	0.9637	0.6213	0.3870	0.1850
2300	0.9637	0.6230	0.3872	0.1852
2301	0.9636	0.6331	0.3874	0.1850
2302	0.9635	0.6340	0.3874	0.1852
2303	0.9636	0.6348	0.3877	0.1855
2304	0.9634	0.6305	0.3877	0.1854
2305	0.9634	0.6262	0.3879	0.1855
2306	0.9623	0.6279	0.3877	0.1853
2307	0.9623	0.6312	0.3878	0.1854
2308	0.9622	0.6335	0.3879	0.1855
2309	0.9622	0.6318	0.3880	0.1854
2310	0.9623	0.6273	0.3881	0.1857
2311	0.9621	0.6252	0.3882	0.1858
2312	0.9620	0.6290	0.3884	0.1859
2313	0.9620	0.6329	0.3886	0.1859
2314	0.9619	0.6339	0.3888	0.1860
2315	0.9620	0.6364	0.3889	0.1861
2316	0.9609	0.6305	0.3886	0.1859
2317	0.9609	0.6291	0.3888	0.1860
2318	0.9609	0.6303	0.3888	0.1861
2319	0.9608	0.6378	0.3891	0.1861
2320	0.9609	0.6428	0.3893	0.1864
2321	0.9608	0.6389	0.3894	0.1866
2322	0.9608	0.6339	0.3896	0.1868
2323	0.9597	0.6283	0.3895	0.1865
2324	0.9595	0.6292	0.3895	0.1862
2325	0.9596	0.6297	0.3896	0.1865
2326	0.9595	0.6314	0.3899	0.1869
2327	0.9596	0.6367	0.3900	0.1870
2328	0.9585	0.6325	0.3898	0.1868
2329	0.9584	0.6302	0.3900	0.1869
2330	0.9584	0.6288	0.3902	0.1873
2331	0.9583	0.6274	0.3903	0.1870
2332	0.9583	0.6379	0.3904	0.1871
2333	0.9573	0.6450	0.3903	0.1870
2334	0.9573	0.6376	0.3904	0.1870
2335	0.9570	0.6309	0.3905	0.1870
2336	0.9570	0.6310	0.3906	0.1873
2337	0.9571	0.6339	0.3908	0.1874
2338	0.9562	0.6360	0.3907	0.1876
2339	0.9560	0.6411	0.3909	0.1876
2340	0.9559	0.6362	0.3909	0.1877
2341	0.9559	0.6324	0.3911	0.1880
2342	0.9559	0.6345	0.3912	0.1881
2343	0.9559	0.6324	0.3914	0.1880
2344	0.9556	0.6347	0.3915	0.1878
2345	0.9558	0.6418	0.3917	0.1881
2346	0.9547	0.6360	0.3914	0.1879
2347	0.9545	0.6301	0.3914	0.1881
2348	0.9546	0.6338	0.3916	0.1883
2349	0.9545	0.6426	0.3917	0.1883
2350	0.9547	0.6398	0.3919	0.1882
2351	0.9545	0.6344	0.3918	0.1883
2352	0.9543	0.6268	0.3919	0.1882
2353	0.9544	0.6248	0.3920	0.1885
2354	0.9543	0.6238	0.3921	0.1885
2355	0.9542	0.6381	0.3923	0.1888
2356	0.9533	0.6448	0.3919	0.1886
2357	0.9532	0.6512	0.3922	0.1886
2358	0.9531	0.6410	0.3921	0.1885
2359	0.9531	0.6216	0.3922	0.1889
2360	0.9532	0.6232	0.3924	0.1890
2361	0.9531	0.6343	0.3925	0.1891
2362	0.9530	0.6352	0.3925	0.1893
2363	0.9531	0.6473	0.3926	0.1893
2364	0.9532	0.6386	0.3928	0.1891
2365	0.9532	0.6330	0.3929	0.1893
2366	0.9521	0.6340	0.3925	0.1891
2367	0.9520	0.6505	0.3925	0.1891
2368	0.9521	0.6398	0.3926	0.1892
2369	0.9519	0.6429	0.3926	0.1892
2370	0.9520	0.6408	0.3927	0.1893
2371	0.9519	0.6212	0.3927	0.1891
2372	0.9520	0.6310	0.3929	0.1896
2373	0.9520	0.6406	0.3930	0.1898
2374	0.9520	0.6349	0.3931	0.1898
2375	0.9519	0.6433	0.3931	0.1894
2376	0.9518	0.6426	0.3932	0.1897
2377	0.9518	0.6266	0.3932	0.1899
2378	0.9518	0.6380	0.3933	0.1895
2379	0.9519	0.6398	0.3935	0.1899
2380	0.9518	0.6370	0.3936	0.1900
2381	0.9519	0.6446	0.3936	0.1898
2382	0.9520	0.6407	0.3936	0.1898
2383	0.9518	0.6402	0.3938	0.1900
2384	0.9518	0.6379	0.3939	0.1906
2385	0.9518	0.6416	0.3939	0.1908
2386	0.9508	0.6352	0.3936	0.1901
2387	0.9507	0.6437	0.3937	0.1899
2388	0.9506	0.6368	0.3937	0.1901
2389	0.9506	0.6331	0.3937	0.1904
2390	0.9506	0.6281	0.3939	0.1904
2391	0.9506	0.6371	0.3940	0.1905
2392	0.9506	0.6369	0.3939	0.1905
2393	0.9506	0.6485	0.3941	0.1906
2394	0.9506	0.6336	0.3941	0.1901
2395	0.9505	0.6225	0.3941	0.1901
2396	0.9504	0.6398	0.3942	0.1907
2397	0.9506	0.6444	0.3944	0.1910
2398	0.9506	0.6346	0.3944	0.1909
2399	0.9505	0.6507	0.3944	0.1906
2400	0.9505	0.6462	0.3945	0.1904
2401	0.9504	0.6308	0.3946	0.1909
2402	0.9504	0.6330	0.3947	0.1916
2403	0.9504	0.6484	0.3947	0.1908
2404	0.9504	0.6404	0.3948	0.1912
2405	0.9503	0.6569	0.3948	0.1909
2406	0.9502	0.6462	0.3949	0.1909
2407	0.9502	0.6259	0.3948	0.1909
2408	0.9502	0.6424	0.3949	0.1910
2409	0.9502	0.6339	0.3950	0.1912
2410	0.9502	0.6360	0.3952	0.1919
2411	0.9501	0.6483	0.3952	0.1915
2412	0.9502	0.6380	0.3952	0.1914
2413	0.9502	0.6307	0.3954	0.1912
2414	0.9501	0.6365	0.3953	0.1915
2415	0.9501	0.6423	0.3953	0.1913
2416	0.9501	0.6474	0.3955	0.1921
2417	0.9501	0.6525	0.3955	0.1916
2418	0.9500	0.6384	0.3955	0.1919
2419	0.9500	0.6293	0.3955	0.1919
2420	0.9499	0.6391	0.3955	0.1919
2421	0.9500	0.6420	0.3957	0.1923
2422	0.9501	0.6438	0.3958	0.1924
2423	0.9500	0.6566	0.3959	0.1928
2424	0.9499	0.6342	0.3958	0.1927
2425	0.9498	0.6182	0.3958	0.1921
2426	0.9488	0.6373	0.3955	0.1919
2427	0.9488	0.6470	0.3956	0.1924
2428	0.9489	0.6317	0.3956	0.1924
2429	0.9488	0.6602	0.3957	0.1925
2430	0.9487	0.6517	0.3957	0.1919
2431	0.9487	0.6368	0.3958	0.1924
2432	0.9487	0.6414	0.3958	0.1921
2433	0.9486	0.6431	0.3959	0.1926
2434	0.9488	0.6465	0.3960	0.1933
2435	0.9488	0.6654	0.3959	0.1930
2436	0.9486	0.6421	0.3959	0.1928
2437	0.9485	0.6307	0.3957	0.1929
2438	0.9485	0.6447	0.3958	0.1920
2439	0.9484	0.6409	0.3959	0.1928
2440	0.9485	0.6330	0.3959	0.1925
2441	0.9484	0.6403	0.3960	0.1922
2442	0.9484	0.6398	0.3962	0.1928
2443	0.9482	0.6429	0.3962	0.1933
2444	0.9481	0.6397	0.3959	0.1926
2445	0.9480	0.6408	0.3959	0.1933
2446	0.9481	0.6448	0.3961	0.1931
2447	0.9482	0.6636	0.3960	0.1930
2448	0.9482	0.6413	0.3962	0.1933
2449	0.9482	0.6239	0.3961	0.1941
2450	0.9479	0.6355	0.3962	0.1936
2451	0.9482	0.6446	0.3964	0.1943
2452	0.9482	0.6320	0.3962	0.1939
2453	0.9479	0.6650	0.3964	0.1944
2454	0.9477	0.6411	0.3961	0.1937
2455	0.9482	0.6299	0.3962	0.1934
2456	0.9484	0.6297	0.3966	0.1944
2457	0.9483	0.6476	0.3966	0.1949
2458	0.9484	0.6422	0.3966	0.1941
2459	0.9482	0.6551	0.3964	0.1935
2460	0.9483	0.6418	0.3966	0.1946
2461	0.9481	0.6341	0.3964	0.1937
2462	0.9483	0.6515	0.3967	0.1942
2463	0.9481	0.6533	0.3965	0.1947
2464	0.9484	0.6473	0.3968	0.1947
2465	0.9486	0.6506	0.3970	0.1950
2466	0.9487	0.6348	0.3968	0.1947
2467	0.9488	0.6248	0.3970	0.1956
2468	0.9488	0.6448	0.3973	0.1956
2469	0.9489	0.6488	0.3969	0.1958
2470	0.9488	0.6295	0.3969	0.1958
2471	0.9498	0.6632	0.3974	0.1959
2472	0.9491	0.6366	0.3975	0.1969
2473	0.9493	0.6413	0.3978	0.1959
2474	0.9494	0.6381	0.3974	0.1970
2475	0.9490	0.6473	0.3977	0.1956
2476	0.9482	0.6399	0.3975	0.1957
2477	0.9487	0.6604	0.3975	0.1969
2478	0.9483	0.6316	0.3969	0.1972
2479	0.9487	0.6236	0.3970	0.1962
2480	0.9493	0.6416	0.3978	0.1990
2481	0.9494	0.6513	0.3981	0.1994
2482	0.9495	0.6230	0.3978	0.1986
2483	0.9494	0.6605	0.3984	0.1983
2484	0.9493	0.6312	0.3977	0.2007
2485	0.9494	0.6302	0.3982	0.1986
2486	0.9504	0.6372	0.3990	0.1995
2487	0.9501	0.6466	0.3985	0.1989
2488	0.9498	0.6359	0.3987	0.2027
2489	0.9499	0.6688	0.3989	0.2011
2490	0.9509	0.6221	0.3994	0.2002
2491	0.9506	0.6352	0.3991	0.2012
2492	0.9505	0.6394	0.3993	0.1991
2493	0.9504	0.6526	0.4002	0.2047
2494	0.9507	0.6278	0.3993	0.2035
2495	0.9497	0.6722	0.3990	0.2041
2496	0.9513	0.6412	0.4007	0.2068
2497	0.9512	0.6156	0.4010	0.2022
2498	0.9514	0.6494	0.4020	0.2035
2499	0.9503	0.6155	0.4020	0.2081
2500	0.9512	0.6411	0.4014	0.2060
