SpectraShop	5.0
NUMBER_OF_SETS	18
ORIGINATOR	"Robin D. Myers"
CREATED	"2001-10-30"
MANUFACTURER	"Kodak"
PROD_DATE	"1989-06"
SPECTRUM_TYPE	"Reflective"
MATERIAL	"Ink"
SURFACE	"Semi-gloss"
INSTRUMENTATION	"Spectrolino"
INSTRUMENT_SERIAL_NUMBER	""
MEASUREMENT_GEOMETRY	"45/0"
MEASUREMENT_SOURCE	"D65"
MEASUREMENT_APERTURE	"4 mm"
MEASUREMENT_FILTER	"D65"
SAMPLE_BACKING	"Black"
NMEASUREMENTS	1
OBSERVER	"2 degree"
ILLUMINANT	"D65"
RGB_SPACE	"sRGB"
NUMBER_OF_FIELDS	75
BEGIN_DATA_FORMAT
SAMPLE_ID1	SAMPLE_ID2	SAMPLE_ID3	SPECTRAL_NM	SPECTRAL_VAL	SPECTRAL_NM	SPECTRAL_VAL	SPECTRAL_NM	SPECTRAL_VAL	SPECTRAL_NM	SPECTRAL_VAL	SPECTRAL_NM	SPECTRAL_VAL	SPECTRAL_NM	SPECTRAL_VAL	SPECTRAL_NM	SPECTRAL_VAL	SPECTRAL_NM	SPECTRAL_VAL	SPECTRAL_NM	SPECTRAL_VAL	SPECTRAL_NM	SPECTRAL_VAL	SPECTRAL_NM	SPECTRAL_VAL	SPECTRAL_NM	SPECTRAL_VAL	SPECTRAL_NM	SPECTRAL_VAL	SPECTRAL_NM	SPECTRAL_VAL	SPECTRAL_NM	SPECTRAL_VAL	SPECTRAL_NM	SPECTRAL_VAL	SPECTRAL_NM	SPECTRAL_VAL	SPECTRAL_NM	SPECTRAL_VAL	SPECTRAL_NM	SPECTRAL_VAL	SPECTRAL_NM	SPECTRAL_VAL	SPECTRAL_NM	SPECTRAL_VAL	SPECTRAL_NM	SPECTRAL_VAL	SPECTRAL_NM	SPECTRAL_VAL	SPECTRAL_NM	SPECTRAL_VAL	SPECTRAL_NM	SPECTRAL_VAL	SPECTRAL_NM	SPECTRAL_VAL	SPECTRAL_NM	SPECTRAL_VAL	SPECTRAL_NM	SPECTRAL_VAL	SPECTRAL_NM	SPECTRAL_VAL	SPECTRAL_NM	SPECTRAL_VAL	SPECTRAL_NM	SPECTRAL_VAL	SPECTRAL_NM	SPECTRAL_VAL	SPECTRAL_NM	SPECTRAL_VAL	SPECTRAL_NM	SPECTRAL_VAL	SPECTRAL_NM	SPECTRAL_VAL	SPECTRAL_NM	SPECTRAL_VAL
END_DATA_FORMAT
BEGIN_DATA
"Light Blue"	""	""	
380	3.082000E-1
390	4.082000E-1
400	5.583000E-1
410	6.859000E-1
420	7.360000E-1
430	7.598000E-1
440	7.803000E-1
450	7.969000E-1
460	8.115000E-1
470	8.248000E-1
480	8.352000E-1
490	8.461000E-1
500	8.543000E-1
510	8.607000E-1
520	8.673000E-1
530	8.705000E-1
540	8.746000E-1
550	8.806000E-1
560	8.818000E-1
570	8.889000E-1
580	8.923000E-1
590	8.982000E-1
600	9.020000E-1
610	9.056000E-1
620	9.058000E-1
630	9.066000E-1
640	9.074000E-1
650	9.113000E-1
660	9.135000E-1
670	9.147000E-1
680	9.164000E-1
690	9.167000E-1
700	9.191000E-1
710	9.203000E-1
720	9.179000E-1
730	8.881000E-1
"Blue"	""	""	
380	1.019000E-1
390	1.422000E-1
400	1.978000E-1
410	2.458000E-1
420	2.729000E-1
430	2.933000E-1
440	3.101000E-1
450	3.206000E-1
460	3.246000E-1
470	3.205000E-1
480	3.023000E-1
490	2.662000E-1
500	2.227000E-1
510	1.829000E-1
520	1.446000E-1
530	1.172000E-1
540	1.132000E-1
550	1.173000E-1
560	1.143000E-1
570	1.151000E-1
580	1.356000E-1
590	1.679000E-1
600	1.895000E-1
610	1.867000E-1
620	1.723000E-1
630	1.713000E-1
640	1.953000E-1
650	2.328000E-1
660	2.743000E-1
670	3.102000E-1
680	3.367000E-1
690	3.521000E-1
700	3.602000E-1
710	3.628000E-1
720	3.673000E-1
730	3.673000E-1
"Light Cyan"	""	""	
380	2.625000E-1
390	3.535000E-1
400	4.903000E-1
410	6.083000E-1
420	6.601000E-1
430	6.901000E-1
440	7.178000E-1
450	7.436000E-1
460	7.667000E-1
470	7.855000E-1
480	8.016000E-1
490	8.199000E-1
500	8.356000E-1
510	8.454000E-1
520	8.519000E-1
530	8.527000E-1
540	8.527000E-1
550	8.511000E-1
560	8.405000E-1
570	8.327000E-1
580	8.238000E-1
590	8.195000E-1
600	8.148000E-1
610	8.099000E-1
620	8.092000E-1
630	8.107000E-1
640	8.147000E-1
650	8.239000E-1
660	8.351000E-1
670	8.415000E-1
680	8.421000E-1
690	8.384000E-1
700	8.312000E-1
710	8.243000E-1
720	8.284000E-1
730	8.196000E-1
"Cyan"	""	""	
380	6.720000E-2
390	1.223000E-1
400	2.245000E-1
410	3.351000E-1
420	3.944000E-1
430	4.514000E-1
440	5.232000E-1
450	5.866000E-1
460	6.160000E-1
470	6.334000E-1
480	6.374000E-1
490	6.290000E-1
500	6.069000E-1
510	5.676000E-1
520	5.084000E-1
530	4.291000E-1
540	3.444000E-1
550	2.583000E-1
560	1.761000E-1
570	1.197000E-1
580	8.920000E-2
590	7.390000E-2
600	6.160000E-2
610	5.490000E-2
620	5.480000E-2
630	5.570000E-2
640	5.460000E-2
650	6.080000E-2
660	7.240000E-2
670	7.950000E-2
680	7.710000E-2
690	7.140000E-2
700	6.430000E-2
710	6.070000E-2
720	6.350000E-2
730	8.230000E-2
"Light Green"	""	""	
380	2.077000E-1
390	2.739000E-1
400	3.665000E-1
410	4.422000E-1
420	4.730000E-1
430	4.929000E-1
440	5.127000E-1
450	5.386000E-1
460	5.724000E-1
470	5.986000E-1
480	6.189000E-1
490	6.570000E-1
500	7.044000E-1
510	7.394000E-1
520	7.589000E-1
530	7.685000E-1
540	7.749000E-1
550	7.804000E-1
560	7.804000E-1
570	7.823000E-1
580	7.767000E-1
590	7.646000E-1
600	7.411000E-1
610	7.213000E-1
620	7.118000E-1
630	7.096000E-1
640	7.098000E-1
650	7.147000E-1
660	7.282000E-1
670	7.479000E-1
680	7.672000E-1
690	7.810000E-1
700	7.909000E-1
710	7.932000E-1
720	7.917000E-1
730	7.691000E-1
"Green"	""	""	
380	3.580000E-2
390	4.650000E-2
400	5.670000E-2
410	6.050000E-2
420	5.810000E-2
430	5.690000E-2
440	5.830000E-2
450	6.460000E-2
460	7.650000E-2
470	8.840000E-2
480	1.079000E-1
490	1.684000E-1
500	2.997000E-1
510	4.349000E-1
520	4.709000E-1
530	4.338000E-1
540	3.717000E-1
550	3.002000E-1
560	2.257000E-1
570	1.677000E-1
580	1.314000E-1
590	1.119000E-1
600	9.660000E-2
610	8.650000E-2
620	8.480000E-2
630	8.620000E-2
640	8.830000E-2
650	9.850000E-2
660	1.131000E-1
670	1.215000E-1
680	1.185000E-1
690	1.106000E-1
700	9.890000E-2
710	8.800000E-2
720	9.430000E-2
730	1.181000E-1
"Light Yellow"	""	""	
380	1.681000E-1
390	2.204000E-1
400	2.873000E-1
410	3.327000E-1
420	3.424000E-1
430	3.469000E-1
440	3.586000E-1
450	3.807000E-1
460	4.149000E-1
470	4.542000E-1
480	4.972000E-1
490	5.593000E-1
500	6.465000E-1
510	7.367000E-1
520	8.030000E-1
530	8.389000E-1
540	8.578000E-1
550	8.706000E-1
560	8.765000E-1
570	8.870000E-1
580	8.934000E-1
590	9.020000E-1
600	9.084000E-1
610	9.130000E-1
620	9.167000E-1
630	9.192000E-1
640	9.189000E-1
650	9.211000E-1
660	9.241000E-1
670	9.265000E-1
680	9.291000E-1
690	9.283000E-1
700	9.310000E-1
710	9.312000E-1
720	9.256000E-1
730	8.842000E-1
"Yellow"	""	""	
380	5.820000E-2
390	6.800000E-2
400	7.290000E-2
410	7.130000E-2
420	6.470000E-2
430	6.090000E-2
440	6.100000E-2
450	6.620000E-2
460	7.780000E-2
470	9.410000E-2
480	1.178000E-1
490	1.675000E-1
500	2.710000E-1
510	4.355000E-1
520	6.193000E-1
530	7.543000E-1
540	8.134000E-1
550	8.361000E-1
560	8.432000E-1
570	8.525000E-1
580	8.652000E-1
590	8.834000E-1
600	8.928000E-1
610	8.982000E-1
620	9.017000E-1
630	9.024000E-1
640	9.039000E-1
650	9.084000E-1
660	9.125000E-1
670	9.143000E-1
680	9.167000E-1
690	9.164000E-1
700	9.163000E-1
710	9.139000E-1
720	9.079000E-1
730	8.612000E-1
"Light Red"	""	""	
380	1.577000E-1
390	2.057000E-1
400	2.662000E-1
410	3.074000E-1
420	3.158000E-1
430	3.205000E-1
440	3.278000E-1
450	3.447000E-1
460	3.747000E-1
470	3.937000E-1
480	4.051000E-1
490	4.430000E-1
500	4.962000E-1
510	5.324000E-1
520	5.523000E-1
530	5.514000E-1
540	5.406000E-1
550	5.532000E-1
560	6.260000E-1
570	7.208000E-1
580	7.788000E-1
590	8.108000E-1
600	8.268000E-1
610	8.317000E-1
620	8.316000E-1
630	8.350000E-1
640	8.455000E-1
650	8.596000E-1
660	8.719000E-1
670	8.778000E-1
680	8.747000E-1
690	8.686000E-1
700	8.751000E-1
710	8.806000E-1
720	8.832000E-1
730	8.567000E-1
"Red"	""	""	
380	4.440000E-2
390	5.400000E-2
400	6.190000E-2
410	6.380000E-2
420	6.070000E-2
430	5.980000E-2
440	6.080000E-2
450	6.530000E-2
460	7.270000E-2
470	7.690000E-2
480	7.900000E-2
490	8.660000E-2
500	9.530000E-2
510	8.870000E-2
520	7.300000E-2
530	6.640000E-2
540	7.300000E-2
550	7.330000E-2
560	6.650000E-2
570	6.600000E-2
580	9.670000E-2
590	2.267000E-1
600	4.592000E-1
610	6.773000E-1
620	8.056000E-1
630	8.631000E-1
640	8.869000E-1
650	8.991000E-1
660	9.066000E-1
670	9.119000E-1
680	9.161000E-1
690	9.175000E-1
700	9.185000E-1
710	9.166000E-1
720	9.082000E-1
730	8.543000E-1
"Light Magenta"	""	""	
380	2.021000E-1
390	2.710000E-1
400	3.677000E-1
410	4.482000E-1
420	4.837000E-1
430	5.064000E-1
440	5.292000E-1
450	5.540000E-1
460	5.808000E-1
470	6.058000E-1
480	6.275000E-1
490	6.528000E-1
500	6.771000E-1
510	6.918000E-1
520	7.038000E-1
530	7.153000E-1
540	7.217000E-1
550	7.252000E-1
560	7.403000E-1
570	7.905000E-1
580	8.424000E-1
590	8.824000E-1
600	9.049000E-1
610	9.144000E-1
620	9.188000E-1
630	9.217000E-1
640	9.211000E-1
650	9.229000E-1
660	9.258000E-1
670	9.286000E-1
680	9.311000E-1
690	9.320000E-1
700	9.347000E-1
710	9.344000E-1
720	9.307000E-1
730	9.050000E-1
"Magenta"	""	""	
380	7.230000E-2
390	8.880000E-2
400	1.076000E-1
410	1.213000E-1
420	1.252000E-1
430	1.272000E-1
440	1.266000E-1
450	1.202000E-1
460	1.094000E-1
470	9.310000E-2
480	7.260000E-2
490	5.610000E-2
500	4.440000E-2
510	3.450000E-2
520	2.870000E-2
530	2.730000E-2
540	2.840000E-2
550	2.790000E-2
560	3.050000E-2
570	3.880000E-2
580	6.940000E-2
590	1.980000E-1
600	4.322000E-1
610	6.419000E-1
620	7.652000E-1
630	8.231000E-1
640	8.465000E-1
650	8.615000E-1
660	8.722000E-1
670	8.787000E-1
680	8.821000E-1
690	8.826000E-1
700	8.827000E-1
710	8.793000E-1
720	8.744000E-1
730	8.304000E-1
"White"	""	""	
380	3.496000E-1
390	4.600000E-1
400	6.302000E-1
410	7.726000E-1
420	8.215000E-1
430	8.384000E-1
440	8.515000E-1
450	8.614000E-1
460	8.705000E-1
470	8.792000E-1
480	8.857000E-1
490	8.931000E-1
500	8.992000E-1
510	9.044000E-1
520	9.112000E-1
530	9.145000E-1
540	9.176000E-1
550	9.228000E-1
560	9.242000E-1
570	9.317000E-1
580	9.318000E-1
590	9.332000E-1
600	9.355000E-1
610	9.381000E-1
620	9.399000E-1
630	9.393000E-1
640	9.366000E-1
650	9.367000E-1
660	9.388000E-1
670	9.407000E-1
680	9.443000E-1
690	9.448000E-1
700	9.482000E-1
710	9.502000E-1
720	9.530000E-1
730	9.300000E-1
"Light Brown"	""	""	
380	9.510000E-2
390	1.259000E-1
400	1.656000E-1
410	1.952000E-1
420	2.058000E-1
430	2.132000E-1
440	2.236000E-1
450	2.399000E-1
460	2.625000E-1
470	2.829000E-1
480	3.066000E-1
490	3.507000E-1
500	4.062000E-1
510	4.430000E-1
520	4.595000E-1
530	4.724000E-1
540	4.846000E-1
550	4.889000E-1
560	4.928000E-1
570	5.120000E-1
580	5.296000E-1
590	5.390000E-1
600	5.478000E-1
610	5.536000E-1
620	5.583000E-1
630	5.634000E-1
640	5.654000E-1
650	5.702000E-1
660	5.757000E-1
670	5.802000E-1
680	5.857000E-1
690	5.902000E-1
700	5.934000E-1
710	5.984000E-1
720	6.019000E-1
730	5.728000E-1
"Brown"	""	""	
380	4.730000E-2
390	5.650000E-2
400	6.590000E-2
410	7.290000E-2
420	7.520000E-2
430	7.650000E-2
440	7.770000E-2
450	8.020000E-2
460	8.350000E-2
470	8.550000E-2
480	8.720000E-2
490	9.130000E-2
500	9.600000E-2
510	9.500000E-2
520	9.100000E-2
530	9.210000E-2
540	9.680000E-2
550	9.520000E-2
560	9.620000E-2
570	1.113000E-1
580	1.315000E-1
590	1.428000E-1
600	1.478000E-1
610	1.522000E-1
620	1.548000E-1
630	1.569000E-1
640	1.596000E-1
650	1.617000E-1
660	1.643000E-1
670	1.674000E-1
680	1.695000E-1
690	1.719000E-1
700	1.751000E-1
710	1.776000E-1
720	1.794000E-1
730	1.846000E-1
"Light Gray"	""	""	
380	2.765000E-1
390	3.626000E-1
400	4.906000E-1
410	5.974000E-1
420	6.383000E-1
430	6.589000E-1
440	6.780000E-1
450	6.947000E-1
460	7.116000E-1
470	7.286000E-1
480	7.424000E-1
490	7.578000E-1
500	7.719000E-1
510	7.823000E-1
520	7.917000E-1
530	7.972000E-1
540	8.023000E-1
550	8.078000E-1
560	8.093000E-1
570	8.160000E-1
580	8.159000E-1
590	8.192000E-1
600	8.208000E-1
610	8.240000E-1
620	8.275000E-1
630	8.287000E-1
640	8.284000E-1
650	8.323000E-1
660	8.371000E-1
670	8.412000E-1
680	8.460000E-1
690	8.470000E-1
700	8.484000E-1
710	8.529000E-1
720	8.511000E-1
730	8.322000E-1
"Black"	""	""	
380	1.930000E-2
390	2.210000E-2
400	2.390000E-2
410	2.580000E-2
420	2.640000E-2
430	2.720000E-2
440	2.780000E-2
450	2.830000E-2
460	2.880000E-2
470	2.930000E-2
480	2.960000E-2
490	2.980000E-2
500	2.960000E-2
510	2.940000E-2
520	2.890000E-2
530	2.820000E-2
540	2.830000E-2
550	2.870000E-2
560	2.860000E-2
570	2.930000E-2
580	3.050000E-2
590	3.150000E-2
600	3.190000E-2
610	3.200000E-2
620	3.210000E-2
630	3.240000E-2
640	3.340000E-2
650	3.470000E-2
660	3.700000E-2
670	3.810000E-2
680	3.930000E-2
690	3.920000E-2
700	4.000000E-2
710	4.090000E-2
720	4.180000E-2
730	4.610000E-2
"Gray Surround"	""	""	
380	1.293000E-1
390	1.682000E-1
400	2.189000E-1
410	2.610000E-1
420	2.793000E-1
430	2.902000E-1
440	3.001000E-1
450	3.085000E-1
460	3.156000E-1
470	3.223000E-1
480	3.275000E-1
490	3.318000E-1
500	3.348000E-1
510	3.365000E-1
520	3.368000E-1
530	3.344000E-1
540	3.351000E-1
550	3.373000E-1
560	3.349000E-1
570	3.345000E-1
580	3.355000E-1
590	3.395000E-1
600	3.411000E-1
610	3.404000E-1
620	3.416000E-1
630	3.430000E-1
640	3.485000E-1
650	3.570000E-1
660	3.672000E-1
670	3.742000E-1
680	3.778000E-1
690	3.783000E-1
700	3.770000E-1
710	3.750000E-1
720	3.815000E-1
730	3.815000E-1
END_DATA
