SpectraShop	5.0
NUMBER_OF_SETS	20
ORIGINATOR	"Robin D. Myers"
CREATED	"2004-03-02"
MANUFACTURER	"Kodak"
PROD_DATE	"1989-06"
SPECTRUM_TYPE	"Reflective"
MATERIAL	"Ink"
MODEL	"Q-13"
SURFACE	"Semigloss"
INSTRUMENTATION	"EyeOne"
INSTRUMENT_SERIAL_NUMBER	""
MEASUREMENT_GEOMETRY	"45/0"
MEASUREMENT_SOURCE	"A"
MEASUREMENT_APERTURE	"4 mm"
MEASUREMENT_FILTER	"None"
SAMPLE_BACKING	""
NMEASUREMENTS	4
OBSERVER	"2 degree"
ILLUMINANT	"D65"
RGB_SPACE	"sRGB"
NUMBER_OF_FIELDS	75
BEGIN_DATA_FORMAT
SAMPLE_ID1	SAMPLE_ID2	SAMPLE_ID3	SPECTRAL_NM	SPECTRAL_VAL	SPECTRAL_NM	SPECTRAL_VAL	SPECTRAL_NM	SPECTRAL_VAL	SPECTRAL_NM	SPECTRAL_VAL	SPECTRAL_NM	SPECTRAL_VAL	SPECTRAL_NM	SPECTRAL_VAL	SPECTRAL_NM	SPECTRAL_VAL	SPECTRAL_NM	SPECTRAL_VAL	SPECTRAL_NM	SPECTRAL_VAL	SPECTRAL_NM	SPECTRAL_VAL	SPECTRAL_NM	SPECTRAL_VAL	SPECTRAL_NM	SPECTRAL_VAL	SPECTRAL_NM	SPECTRAL_VAL	SPECTRAL_NM	SPECTRAL_VAL	SPECTRAL_NM	SPECTRAL_VAL	SPECTRAL_NM	SPECTRAL_VAL	SPECTRAL_NM	SPECTRAL_VAL	SPECTRAL_NM	SPECTRAL_VAL	SPECTRAL_NM	SPECTRAL_VAL	SPECTRAL_NM	SPECTRAL_VAL	SPECTRAL_NM	SPECTRAL_VAL	SPECTRAL_NM	SPECTRAL_VAL	SPECTRAL_NM	SPECTRAL_VAL	SPECTRAL_NM	SPECTRAL_VAL	SPECTRAL_NM	SPECTRAL_VAL	SPECTRAL_NM	SPECTRAL_VAL	SPECTRAL_NM	SPECTRAL_VAL	SPECTRAL_NM	SPECTRAL_VAL	SPECTRAL_NM	SPECTRAL_VAL	SPECTRAL_NM	SPECTRAL_VAL	SPECTRAL_NM	SPECTRAL_VAL	SPECTRAL_NM	SPECTRAL_VAL	SPECTRAL_NM	SPECTRAL_VAL	SPECTRAL_NM	SPECTRAL_VAL	SPECTRAL_NM	SPECTRAL_VAL	SPECTRAL_NM	SPECTRAL_VAL
END_DATA_FORMAT
BEGIN_DATA
"Patch 0 (A)"	""	""	
380	5.240999E-1
390	6.312600E-1
400	7.074500E-1
410	7.891300E-1
420	8.449000E-1
430	8.699900E-1
440	8.814999E-1
450	8.901800E-1
460	8.991800E-1
470	9.027399E-1
480	9.042100E-1
490	9.053200E-1
500	9.042000E-1
510	9.017600E-1
520	9.012200E-1
530	9.009399E-1
540	9.023899E-1
550	9.008000E-1
560	8.955700E-1
570	8.970500E-1
580	8.977799E-1
590	8.996699E-1
600	9.015300E-1
610	9.051300E-1
620	9.075600E-1
630	9.091800E-1
640	9.120700E-1
650	9.159400E-1
660	9.194199E-1
670	9.221200E-1
680	9.254600E-1
690	9.294299E-1
700	9.332800E-1
710	9.366300E-1
720	9.368200E-1
730	9.386400E-1
"Patch 1"	""	""	
380	1.210100E-1
390	2.144000E-1
400	3.965200E-1
410	5.774300E-1
420	6.591700E-1
430	6.780400E-1
440	6.820300E-1
450	6.847700E-1
460	6.889000E-1
470	6.901700E-1
480	6.914400E-1
490	6.934100E-1
500	6.939999E-1
510	6.943200E-1
520	6.960000E-1
530	6.967800E-1
540	6.984900E-1
550	6.990100E-1
560	6.978000E-1
570	7.005200E-1
580	7.009300E-1
590	7.021199E-1
600	7.030300E-1
610	7.046500E-1
620	7.058499E-1
630	7.067800E-1
640	7.090000E-1
650	7.116100E-1
660	7.139100E-1
670	7.154599E-1
680	7.172900E-1
690	7.196000E-1
700	7.217900E-1
710	7.240100E-1
720	7.241600E-1
730	7.257600E-1
"Patch 2"	""	""	
380	1.108600E-1
390	1.984300E-1
400	3.537300E-1
410	4.852900E-1
420	5.330900E-1
430	5.416900E-1
440	5.430900E-1
450	5.438100E-1
460	5.456100E-1
470	5.455000E-1
480	5.455300E-1
490	5.467200E-1
500	5.467800E-1
510	5.470099E-1
520	5.484300E-1
530	5.489700E-1
540	5.501200E-1
550	5.508699E-1
560	5.504799E-1
570	5.528000E-1
580	5.529900E-1
590	5.538800E-1
600	5.541300E-1
610	5.547600E-1
620	5.556800E-1
630	5.558400E-1
640	5.570199E-1
650	5.589899E-1
660	5.601400E-1
670	5.610099E-1
680	5.622100E-1
690	5.634500E-1
700	5.646800E-1
710	5.658200E-1
720	5.656600E-1
730	5.668300E-1
"Patch 3"	""	""	
380	1.169800E-1
390	1.994000E-1
400	3.275700E-1
410	4.179200E-1
420	4.444000E-1
430	4.487500E-1
440	4.497300E-1
450	4.504400E-1
460	4.515100E-1
470	4.508100E-1
480	4.501200E-1
490	4.504800E-1
500	4.506500E-1
510	4.512300E-1
520	4.528400E-1
530	4.535800E-1
540	4.553100E-1
550	4.568600E-1
560	4.573500E-1
570	4.600600E-1
580	4.605500E-1
590	4.615300E-1
600	4.618100E-1
610	4.622500E-1
620	4.626100E-1
630	4.626400E-1
640	4.635500E-1
650	4.649200E-1
660	4.657800E-1
670	4.664300E-1
680	4.669800E-1
690	4.677400E-1
700	4.686300E-1
710	4.696600E-1
720	4.693600E-1
730	4.704200E-1
"Patch 4"	""	""	
380	9.948599E-2
390	1.694600E-1
400	2.658000E-1
410	3.241800E-1
420	3.384300E-1
430	3.405700E-1
440	3.414200E-1
450	3.418900E-1
460	3.422200E-1
470	3.409000E-1
480	3.398600E-1
490	3.396400E-1
500	3.395500E-1
510	3.399500E-1
520	3.410600E-1
530	3.415900E-1
540	3.427400E-1
550	3.438400E-1
560	3.443300E-1
570	3.463100E-1
580	3.464500E-1
590	3.466900E-1
600	3.462700E-1
610	3.458500E-1
620	3.452300E-1
630	3.445300E-1
640	3.445000E-1
650	3.445700E-1
660	3.444400E-1
670	3.441000E-1
680	3.437700E-1
690	3.436000E-1
700	3.435000E-1
710	3.434900E-1
720	3.426500E-1
730	3.429800E-1
"Patch 5"	""	""	
380	1.073000E-1
390	1.657400E-1
400	2.327900E-1
410	2.666200E-1
420	2.735100E-1
430	2.746400E-1
440	2.753200E-1
450	2.757700E-1
460	2.760200E-1
470	2.748300E-1
480	2.736800E-1
490	2.733700E-1
500	2.732900E-1
510	2.735400E-1
520	2.744800E-1
530	2.748100E-1
540	2.757600E-1
550	2.768500E-1
560	2.773500E-1
570	2.790100E-1
580	2.790200E-1
590	2.791200E-1
600	2.786100E-1
610	2.779900E-1
620	2.773100E-1
630	2.764300E-1
640	2.760600E-1
650	2.759400E-1
660	2.755900E-1
670	2.750800E-1
680	2.745300E-1
690	2.741400E-1
700	2.738000E-1
710	2.736900E-1
720	2.728300E-1
730	2.729300E-1
"Patch 6"	""	""	
380	9.143100E-2
390	1.386400E-1
400	1.881200E-1
410	2.110800E-1
420	2.156100E-1
430	2.166000E-1
440	2.176800E-1
450	2.182500E-1
460	2.183600E-1
470	2.173700E-1
480	2.163600E-1
490	2.159800E-1
500	2.159700E-1
510	2.162900E-1
520	2.171600E-1
530	2.175600E-1
540	2.183400E-1
550	2.192900E-1
560	2.197600E-1
570	2.210600E-1
580	2.210700E-1
590	2.209100E-1
600	2.202600E-1
610	2.194600E-1
620	2.185400E-1
630	2.175500E-1
640	2.167400E-1
650	2.162700E-1
660	2.154700E-1
670	2.147600E-1
680	2.139600E-1
690	2.130900E-1
700	2.123200E-1
710	2.119000E-1
720	2.108700E-1
730	2.105700E-1
"Patch 7 (M)"	""	""	
380	7.564300E-2
390	1.137500E-1
400	1.506300E-1
410	1.669500E-1
420	1.701300E-1
430	1.711500E-1
440	1.720300E-1
450	1.726200E-1
460	1.727700E-1
470	1.720200E-1
480	1.712400E-1
490	1.710800E-1
500	1.711300E-1
510	1.714300E-1
520	1.722900E-1
530	1.727500E-1
540	1.735000E-1
550	1.743900E-1
560	1.749300E-1
570	1.760600E-1
580	1.761400E-1
590	1.762300E-1
600	1.757400E-1
610	1.750500E-1
620	1.743600E-1
630	1.735400E-1
640	1.730400E-1
650	1.726800E-1
660	1.721700E-1
670	1.716400E-1
680	1.710400E-1
690	1.705700E-1
700	1.700700E-1
710	1.698600E-1
720	1.690300E-1
730	1.689100E-1
"Patch 8"	""	""	
380	6.405400E-2
390	9.483500E-2
400	1.229100E-1
410	1.347000E-1
420	1.367300E-1
430	1.374400E-1
440	1.380700E-1
450	1.385100E-1
460	1.386500E-1
470	1.379100E-1
480	1.371200E-1
490	1.368700E-1
500	1.367800E-1
510	1.369300E-1
520	1.374000E-1
530	1.377000E-1
540	1.382900E-1
550	1.389000E-1
560	1.391700E-1
570	1.400000E-1
580	1.399400E-1
590	1.397900E-1
600	1.392800E-1
610	1.387200E-1
620	1.380300E-1
630	1.373400E-1
640	1.369300E-1
650	1.365100E-1
660	1.360500E-1
670	1.354200E-1
680	1.349100E-1
690	1.344200E-1
700	1.340700E-1
710	1.338800E-1
720	1.333000E-1
730	1.331500E-1
"Patch 9"	""	""	
380	6.789900E-2
390	8.724700E-2
400	1.026300E-1
410	1.081900E-1
420	1.088500E-1
430	1.089700E-1
440	1.095100E-1
450	1.097700E-1
460	1.096000E-1
470	1.089800E-1
480	1.083500E-1
490	1.080800E-1
500	1.080400E-1
510	1.082200E-1
520	1.086600E-1
530	1.088400E-1
540	1.092800E-1
550	1.097800E-1
560	1.100500E-1
570	1.106900E-1
580	1.106600E-1
590	1.105300E-1
600	1.100100E-1
610	1.095000E-1
620	1.089500E-1
630	1.082600E-1
640	1.077900E-1
650	1.073000E-1
660	1.068200E-1
670	1.063600E-1
680	1.058900E-1
690	1.053800E-1
700	1.049100E-1
710	1.045900E-1
720	1.040300E-1
730	1.038500E-1
"Patch 10"	""	""	
380	4.808900E-2
390	6.615400E-2
400	8.064499E-2
410	8.603600E-2
420	8.681600E-2
430	8.705100E-2
440	8.741099E-2
450	8.761500E-2
460	8.765399E-2
470	8.701000E-2
480	8.635999E-2
490	8.615800E-2
500	8.612899E-2
510	8.622900E-2
520	8.651200E-2
530	8.672199E-2
540	8.705600E-2
550	8.741499E-2
560	8.767100E-2
570	8.826599E-2
580	8.819400E-2
590	8.811899E-2
600	8.781900E-2
610	8.742300E-2
620	8.704100E-2
630	8.656900E-2
640	8.634400E-2
650	8.612899E-2
660	8.585500E-2
670	8.567700E-2
680	8.548500E-2
690	8.521300E-2
700	8.508500E-2
710	8.515300E-2
720	8.478799E-2
730	8.485299E-2
"Patch 11"	""	""	
380	5.390600E-2
390	6.227100E-2
400	6.764200E-2
410	6.930900E-2
420	6.918699E-2
430	6.905000E-2
440	6.913500E-2
450	6.916200E-2
460	6.886700E-2
470	6.830800E-2
480	6.787500E-2
490	6.757800E-2
500	6.743000E-2
510	6.754500E-2
520	6.786299E-2
530	6.799800E-2
540	6.837299E-2
550	6.881899E-2
560	6.905500E-2
570	6.958000E-2
580	6.967700E-2
590	6.978200E-2
600	6.969599E-2
610	6.959200E-2
620	6.953300E-2
630	6.934800E-2
640	6.934699E-2
650	6.943899E-2
660	6.950799E-2
670	6.948999E-2
680	6.955399E-2
690	6.962699E-2
700	6.979299E-2
710	7.004099E-2
720	7.008900E-2
730	7.044600E-2
"Patch 12"	""	""	
380	3.693600E-2
390	4.646600E-2
400	5.325000E-2
410	5.546800E-2
420	5.530300E-2
430	5.521900E-2
440	5.551200E-2
450	5.556600E-2
460	5.517400E-2
470	5.476700E-2
480	5.433700E-2
490	5.414300E-2
500	5.402300E-2
510	5.412500E-2
520	5.428900E-2
530	5.440100E-2
540	5.468200E-2
550	5.501200E-2
560	5.516000E-2
570	5.563600E-2
580	5.566400E-2
590	5.571500E-2
600	5.560300E-2
610	5.546400E-2
620	5.539400E-2
630	5.520300E-2
640	5.521900E-2
650	5.522000E-2
660	5.526500E-2
670	5.526500E-2
680	5.535700E-2
690	5.545200E-2
700	5.556400E-2
710	5.573100E-2
720	5.584700E-2
730	5.623600E-2
"Patch 13"	""	""	
380	4.534600E-2
390	4.563600E-2
400	4.555300E-2
410	4.490400E-2
420	4.437400E-2
430	4.408600E-2
440	4.397200E-2
450	4.382000E-2
460	4.344600E-2
470	4.299900E-2
480	4.261700E-2
490	4.237900E-2
500	4.221700E-2
510	4.223100E-2
520	4.242300E-2
530	4.254600E-2
540	4.276500E-2
550	4.299600E-2
560	4.315500E-2
570	4.358000E-2
580	4.367800E-2
590	4.380400E-2
600	4.386600E-2
610	4.385200E-2
620	4.386300E-2
630	4.385800E-2
640	4.403400E-2
650	4.421100E-2
660	4.434700E-2
670	4.460000E-2
680	4.492000E-2
690	4.516800E-2
700	4.551700E-2
710	4.583100E-2
720	4.591900E-2
730	4.640100E-2
"Patch 14"	""	""	
380	3.754600E-2
390	3.769000E-2
400	3.705400E-2
410	3.670000E-2
420	3.619200E-2
430	3.595600E-2
440	3.585200E-2
450	3.567000E-2
460	3.548000E-2
470	3.504300E-2
480	3.473300E-2
490	3.448100E-2
500	3.438500E-2
510	3.434400E-2
520	3.440800E-2
530	3.447900E-2
540	3.463000E-2
550	3.483300E-2
560	3.495400E-2
570	3.519200E-2
580	3.529300E-2
590	3.539300E-2
600	3.532600E-2
610	3.539800E-2
620	3.544900E-2
630	3.547400E-2
640	3.561800E-2
650	3.575500E-2
660	3.602900E-2
670	3.618300E-2
680	3.631200E-2
690	3.651400E-2
700	3.681700E-2
710	3.696100E-2
720	3.729300E-2
730	3.761000E-2
"Patch 15"	""	""	
380	2.882200E-2
390	2.900300E-2
400	2.868300E-2
410	2.840400E-2
420	2.813000E-2
430	2.793600E-2
440	2.784800E-2
450	2.777900E-2
460	2.761200E-2
470	2.732400E-2
480	2.703900E-2
490	2.690000E-2
500	2.688100E-2
510	2.683100E-2
520	2.695200E-2
530	2.699800E-2
540	2.711400E-2
550	2.720100E-2
560	2.736400E-2
570	2.762000E-2
580	2.773700E-2
590	2.785500E-2
600	2.777200E-2
610	2.774800E-2
620	2.776300E-2
630	2.778600E-2
640	2.795900E-2
650	2.809700E-2
660	2.827500E-2
670	2.842000E-2
680	2.857200E-2
690	2.877100E-2
700	2.889300E-2
710	2.914300E-2
720	2.942600E-2
730	2.967900E-2
"Patch 16 (B)"	""	""	
380	2.327700E-2
390	2.353900E-2
400	2.340800E-2
410	2.330400E-2
420	2.306700E-2
430	2.295900E-2
440	2.295800E-2
450	2.290500E-2
460	2.267200E-2
470	2.249100E-2
480	2.213500E-2
490	2.210500E-2
500	2.204100E-2
510	2.204000E-2
520	2.203500E-2
530	2.211300E-2
540	2.218700E-2
550	2.223700E-2
560	2.228800E-2
570	2.241200E-2
580	2.245400E-2
590	2.242500E-2
600	2.246700E-2
610	2.237900E-2
620	2.231800E-2
630	2.238900E-2
640	2.244700E-2
650	2.251100E-2
660	2.255400E-2
670	2.266700E-2
680	2.270500E-2
690	2.280400E-2
700	2.294400E-2
710	2.307900E-2
720	2.312800E-2
730	2.350700E-2
"Patch 17"	""	""	
380	1.810500E-2
390	1.859600E-2
400	1.875200E-2
410	1.870800E-2
420	1.847200E-2
430	1.846300E-2
440	1.832900E-2
450	1.836100E-2
460	1.834500E-2
470	1.804000E-2
480	1.792400E-2
490	1.781700E-2
500	1.782900E-2
510	1.789300E-2
520	1.795100E-2
530	1.793100E-2
540	1.801100E-2
550	1.804000E-2
560	1.809900E-2
570	1.816600E-2
580	1.808800E-2
590	1.801800E-2
600	1.811600E-2
610	1.809100E-2
620	1.808100E-2
630	1.798900E-2
640	1.800500E-2
650	1.805200E-2
660	1.802700E-2
670	1.808900E-2
680	1.809700E-2
690	1.816800E-2
700	1.830200E-2
710	1.841000E-2
720	1.839200E-2
730	1.848100E-2
"Patch 18"	""	""	
380	1.425700E-2
390	1.460100E-2
400	1.494800E-2
410	1.492200E-2
420	1.485600E-2
430	1.482400E-2
440	1.479100E-2
450	1.470200E-2
460	1.461400E-2
470	1.456500E-2
480	1.449900E-2
490	1.443800E-2
500	1.444300E-2
510	1.445600E-2
520	1.448800E-2
530	1.447900E-2
540	1.453200E-2
550	1.457200E-2
560	1.462100E-2
570	1.465900E-2
580	1.460600E-2
590	1.460300E-2
600	1.458800E-2
610	1.447900E-2
620	1.450100E-2
630	1.447200E-2
640	1.452700E-2
650	1.452000E-2
660	1.457400E-2
670	1.458900E-2
680	1.461700E-2
690	1.468800E-2
700	1.469700E-2
710	1.488600E-2
720	1.488900E-2
730	1.502700E-2
"Patch 19"	""	""	
380	1.174900E-2
390	1.231700E-2
400	1.217100E-2
410	1.229200E-2
420	1.214000E-2
430	1.222200E-2
440	1.237200E-2
450	1.232400E-2
460	1.223400E-2
470	1.220100E-2
480	1.213200E-2
490	1.214400E-2
500	1.213000E-2
510	1.213600E-2
520	1.217100E-2
530	1.220200E-2
540	1.222700E-2
550	1.220900E-2
560	1.218800E-2
570	1.215100E-2
580	1.209600E-2
590	1.209100E-2
600	1.200400E-2
610	1.192200E-2
620	1.187200E-2
630	1.177600E-2
640	1.167900E-2
650	1.164800E-2
660	1.162600E-2
670	1.161100E-2
680	1.149700E-2
690	1.152500E-2
700	1.147400E-2
710	1.144300E-2
720	1.139000E-2
730	1.139300E-2
END_DATA
