	Dark skin	Light skin	Blue sky	Foliage	Blue flower	Bluish green	Orange	Purplish blue	Moderate red	Purple	Yellow green	Orange yellow	Blue	Green	Red	Yellow	Magenta	Cyan	White	Neutral 8	Neutral 6.5	Neutral 5	Neutral 3.5	Black
405.37	0.081917	0.20349	0.29117	0.08327	0.37564	0.29641	0.080152	0.32258	0.17241	0.19392	0.11043	0.096627	0.19562	0.083256	0.091959	0.12057	0.36117	0.2395	0.64075	0.52627	0.3419	0.1893	0.097876	0.044685
408.56	0.078461	0.20121	0.30112	0.079114	0.39274	0.30566	0.075126	0.33572	0.16704	0.19237	0.10405	0.090807	0.20532	0.080032	0.084291	0.1112	0.36834	0.25013	0.71663	0.56099	0.35219	0.1907	0.096197	0.043056
411.75	0.076357	0.19924	0.3069	0.075641	0.40364	0.31254	0.071715	0.34581	0.16237	0.19032	0.099239	0.085639	0.21427	0.077671	0.078365	0.10335	0.37153	0.25621	0.7771	0.58232	0.35825	0.19102	0.095261	0.041324
414.94	0.074239	0.19776	0.31006	0.073111	0.40989	0.31792	0.068672	0.35437	0.15831	0.18942	0.095335	0.081593	0.22083	0.075761	0.073826	0.097001	0.37256	0.25859	0.82043	0.59472	0.36179	0.1911	0.094375	0.039825
418.14	0.072794	0.19663	0.31304	0.070928	0.4141	0.32239	0.066343	0.36262	0.15495	0.188	0.09222	0.078475	0.22855	0.074328	0.070274	0.092111	0.37243	0.26347	0.84991	0.60258	0.36415	0.19158	0.093742	0.038825
421.33	0.071276	0.19639	0.31695	0.068929	0.41744	0.32652	0.064485	0.3708	0.15209	0.18577	0.089675	0.075706	0.23698	0.073327	0.067197	0.087955	0.37067	0.27213	0.86819	0.6085	0.36624	0.19203	0.093504	0.038045
424.52	0.070297	0.19665	0.32012	0.067377	0.42045	0.33161	0.063154	0.37881	0.1494	0.18288	0.087647	0.073831	0.24622	0.072623	0.064815	0.08466	0.36675	0.27969	0.88034	0.61251	0.36833	0.19278	0.093424	0.037455
427.71	0.069459	0.19707	0.32106	0.066179	0.42275	0.33755	0.061812	0.38697	0.14721	0.17895	0.086388	0.072118	0.25455	0.072278	0.062863	0.082126	0.36169	0.2842	0.88871	0.61569	0.36987	0.19376	0.093811	0.037011
430.9	0.06862	0.19801	0.32273	0.064986	0.42467	0.34401	0.060722	0.39511	0.14535	0.1742	0.085224	0.07052	0.26272	0.072065	0.061246	0.079923	0.35521	0.29246	0.89418	0.61829	0.37189	0.19468	0.094258	0.036428
434.09	0.067932	0.1995	0.32571	0.06401	0.4263	0.35062	0.060028	0.40319	0.14374	0.16941	0.084574	0.069617	0.27197	0.072196	0.059642	0.077979	0.34855	0.30427	0.89906	0.62091	0.37421	0.19582	0.094797	0.036299
437.29	0.067433	0.2016	0.3283	0.063263	0.42704	0.35673	0.059387	0.41034	0.14218	0.16436	0.084129	0.068766	0.28148	0.072563	0.058225	0.076548	0.34057	0.31565	0.90339	0.62346	0.37622	0.19686	0.095073	0.036148
440.48	0.067088	0.20475	0.33015	0.062881	0.42771	0.36361	0.05899	0.41586	0.14083	0.15919	0.084157	0.068067	0.29069	0.073277	0.057191	0.07567	0.33216	0.32608	0.90746	0.62574	0.3781	0.19818	0.095482	0.035744
443.67	0.066387	0.20759	0.32999	0.06249	0.429	0.37279	0.058686	0.41757	0.13933	0.15368	0.084699	0.067698	0.29673	0.074122	0.056128	0.074843	0.3249	0.33649	0.90457	0.62558	0.37863	0.19884	0.095999	0.035462
446.86	0.065815	0.21182	0.32922	0.062398	0.42833	0.38428	0.058648	0.41718	0.13761	0.14757	0.085594	0.067873	0.30048	0.075439	0.055324	0.074427	0.31609	0.34803	0.89782	0.62549	0.37862	0.19887	0.096032	0.03512
450.05	0.065702	0.2167	0.32804	0.062691	0.42516	0.39767	0.05911	0.41406	0.13598	0.14149	0.086544	0.068736	0.30298	0.077443	0.055053	0.074445	0.30553	0.36012	0.90188	0.62497	0.37798	0.19838	0.095696	0.035322
453.24	0.065554	0.22318	0.32739	0.06326	0.42259	0.41007	0.060126	0.41051	0.13471	0.13573	0.088007	0.069627	0.30382	0.079918	0.054982	0.07463	0.29591	0.37037	0.90844	0.62534	0.37846	0.19821	0.095186	0.035097
456.44	0.065473	0.23049	0.32573	0.064485	0.42006	0.42324	0.06152	0.40412	0.13305	0.13048	0.090302	0.070957	0.30168	0.082993	0.055149	0.07542	0.2868	0.38021	0.91349	0.62049	0.37786	0.19807	0.094775	0.034857
459.63	0.065591	0.23875	0.3242	0.066376	0.41698	0.43929	0.063529	0.3961	0.13153	0.12556	0.093222	0.072936	0.29807	0.086877	0.055788	0.076733	0.27805	0.39219	0.91798	0.61699	0.37765	0.19771	0.09436	0.034551
462.82	0.065641	0.24765	0.3222	0.06895	0.41312	0.45648	0.066032	0.3862	0.12977	0.12059	0.096471	0.07569	0.29159	0.091403	0.056601	0.078348	0.26931	0.40408	0.92051	0.61836	0.37727	0.19713	0.093842	0.034511
466.01	0.06606	0.25759	0.32016	0.072332	0.40886	0.47302	0.069439	0.37547	0.1281	0.11604	0.10093	0.079216	0.28323	0.096799	0.057722	0.08052	0.26072	0.41452	0.9242	0.62148	0.37708	0.19677	0.093471	0.034257
469.2	0.066365	0.26856	0.31785	0.076363	0.40403	0.48865	0.073152	0.36341	0.12638	0.11127	0.10647	0.083398	0.27218	0.10343	0.059017	0.083493	0.25186	0.42232	0.92745	0.62261	0.37676	0.19624	0.093209	0.034144
472.39	0.066584	0.28035	0.3148	0.080771	0.39786	0.50296	0.076924	0.34913	0.1247	0.10625	0.11324	0.08786	0.25771	0.11111	0.060187	0.087358	0.24244	0.42878	0.92984	0.6233	0.37606	0.19579	0.092758	0.033955
475.59	0.066857	0.29282	0.31122	0.08509	0.39006	0.51463	0.080731	0.33321	0.12297	0.10103	0.12172	0.092329	0.24061	0.12047	0.061097	0.092466	0.23248	0.43286	0.93175	0.62385	0.37325	0.19521	0.09256	0.03378
478.78	0.067141	0.30585	0.3067	0.089027	0.38101	0.52792	0.08382	0.31581	0.12123	0.095816	0.13223	0.096245	0.22189	0.13166	0.061703	0.099264	0.22207	0.43471	0.93402	0.62523	0.37156	0.19479	0.092247	0.033675
481.97	0.06741	0.31791	0.30129	0.092021	0.36978	0.54231	0.086205	0.29718	0.11961	0.090715	0.14508	0.099471	0.20256	0.14497	0.061949	0.10812	0.21155	0.43265	0.93598	0.62574	0.37001	0.19451	0.092089	0.033581
485.16	0.067573	0.32838	0.29431	0.09411	0.35696	0.55414	0.087913	0.27795	0.11777	0.085911	0.16044	0.10174	0.1831	0.16024	0.06174	0.11931	0.20141	0.42891	0.93712	0.62625	0.37139	0.19409	0.092027	0.033469
488.35	0.067849	0.34119	0.28613	0.09553	0.34411	0.56339	0.089189	0.25938	0.11616	0.081692	0.17914	0.10339	0.16488	0.17824	0.061345	0.13349	0.19247	0.42529	0.93878	0.62707	0.37267	0.1939	0.092093	0.03335
491.54	0.068203	0.35287	0.27896	0.096734	0.33308	0.57035	0.0903	0.24249	0.11459	0.078221	0.2019	0.105	0.14855	0.19913	0.060987	0.1515	0.1847	0.42136	0.94053	0.62791	0.37346	0.194	0.092098	0.033342
494.74	0.068724	0.36219	0.27177	0.097832	0.32234	0.57616	0.09142	0.22669	0.1129	0.075267	0.22851	0.10669	0.13389	0.2218	0.060422	0.17359	0.17797	0.41586	0.94169	0.62845	0.37416	0.19389	0.092154	0.033241
497.93	0.069626	0.36901	0.26503	0.099304	0.31208	0.57954	0.092955	0.21222	0.11123	0.072641	0.2582	0.10893	0.12096	0.24478	0.059873	0.20025	0.17215	0.40867	0.94229	0.6288	0.37459	0.19393	0.092278	0.03325
501.12	0.070922	0.37327	0.25893	0.10144	0.30224	0.58163	0.09504	0.19904	0.10941	0.070319	0.28928	0.11214	0.10961	0.26979	0.059262	0.23052	0.16671	0.39989	0.94285	0.62943	0.37525	0.19405	0.092447	0.033203
504.31	0.072814	0.37384	0.25299	0.1046	0.29225	0.58233	0.098182	0.18674	0.10763	0.06798	0.32734	0.11717	0.099673	0.29547	0.058781	0.26448	0.16114	0.38944	0.94367	0.63003	0.3758	0.19414	0.092606	0.033208
507.5	0.075071	0.36952	0.24677	0.10947	0.28207	0.58185	0.10296	0.17522	0.10589	0.065407	0.3664	0.12461	0.090865	0.31803	0.058453	0.30597	0.15482	0.37689	0.94468	0.63026	0.37611	0.19423	0.092756	0.033152
510.69	0.077385	0.36048	0.24079	0.1166	0.27174	0.58054	0.10981	0.16435	0.10413	0.0626	0.40567	0.13582	0.083032	0.33712	0.058268	0.35004	0.14724	0.36325	0.94555	0.63113	0.37685	0.19404	0.092891	0.033126
513.89	0.079584	0.34674	0.23408	0.12654	0.26066	0.57768	0.11924	0.15404	0.10237	0.059541	0.4424	0.15242	0.076298	0.35144	0.058188	0.39455	0.13847	0.34844	0.94648	0.6317	0.37717	0.19292	0.09299	0.033106
517.08	0.081323	0.32981	0.22705	0.13932	0.25051	0.57368	0.13114	0.14469	0.10096	0.056515	0.47577	0.17597	0.070593	0.36105	0.058347	0.43948	0.12932	0.33303	0.94764	0.6325	0.37768	0.19209	0.093123	0.033067
520.27	0.082607	0.3119	0.22065	0.15396	0.24197	0.56868	0.14458	0.1364	0.099829	0.053786	0.50423	0.20648	0.066012	0.36695	0.05856	0.48354	0.12038	0.31728	0.94816	0.63276	0.37798	0.1919	0.09318	0.033065
523.46	0.08352	0.29443	0.21508	0.16766	0.23601	0.56281	0.1577	0.12945	0.099114	0.051444	0.52737	0.2431	0.062215	0.36912	0.05875	0.52513	0.11255	0.30101	0.94882	0.63297	0.37822	0.19199	0.093265	0.033017
526.65	0.084057	0.28006	0.21067	0.17797	0.23192	0.55612	0.16841	0.12369	0.098608	0.049681	0.54487	0.28602	0.059204	0.36873	0.058799	0.56304	0.10621	0.28486	0.9495	0.63359	0.37855	0.19262	0.093213	0.032932
529.84	0.084523	0.26922	0.20691	0.18611	0.22902	0.54847	0.17835	0.11899	0.098499	0.048535	0.55743	0.32907	0.056851	0.36568	0.058819	0.59603	0.10164	0.26818	0.95019	0.63387	0.37867	0.19296	0.093237	0.032836
533.04	0.084879	0.26294	0.20397	0.19019	0.22753	0.54035	0.18629	0.11484	0.098425	0.047912	0.56552	0.36843	0.054919	0.36062	0.058702	0.624	0.098895	0.25208	0.95089	0.6342	0.37886	0.19339	0.093237	0.032791
536.23	0.085271	0.2609	0.20134	0.19035	0.2263	0.53107	0.19242	0.11122	0.098482	0.047747	0.57019	0.40053	0.053289	0.35378	0.058421	0.64697	0.097862	0.23624	0.95137	0.63431	0.37895	0.19383	0.09321	0.032699
539.42	0.085818	0.26293	0.19888	0.18775	0.22476	0.52096	0.19798	0.10811	0.098636	0.047957	0.57151	0.42455	0.051939	0.34543	0.058054	0.66549	0.098384	0.22039	0.95148	0.63454	0.37906	0.19398	0.09319	0.032682
542.61	0.086569	0.26778	0.19652	0.18355	0.22301	0.51022	0.20437	0.10516	0.09875	0.048354	0.57075	0.44246	0.050746	0.33618	0.057567	0.68045	0.099987	0.20509	0.95195	0.63492	0.37937	0.19441	0.093087	0.032641
545.8	0.087556	0.27287	0.19343	0.17796	0.22017	0.49832	0.212	0.10234	0.099027	0.048755	0.56745	0.45584	0.049665	0.32565	0.057182	0.69214	0.10191	0.19028	0.95196	0.63431	0.37943	0.1944	0.092907	0.032576
548.99	0.088924	0.2756	0.18947	0.17167	0.21634	0.48569	0.22147	0.099645	0.099699	0.049004	0.5632	0.46693	0.04864	0.31437	0.056954	0.70154	0.10322	0.17602	0.95112	0.63374	0.37953	0.19465	0.092823	0.032529
552.19	0.090731	0.27502	0.18467	0.16491	0.21121	0.47271	0.23395	0.096913	0.10069	0.048867	0.5581	0.47667	0.047676	0.30279	0.056833	0.70917	0.10322	0.16245	0.95066	0.63306	0.37928	0.195	0.09268	0.03253
555.38	0.093049	0.27169	0.17937	0.15795	0.20524	0.45931	0.24984	0.09425	0.10185	0.048439	0.55224	0.48657	0.046791	0.29109	0.056905	0.71442	0.10218	0.15035	0.94939	0.63207	0.37896	0.1951	0.092618	0.032497
558.57	0.096033	0.2681	0.17391	0.15105	0.19853	0.44518	0.26934	0.092032	0.10314	0.048124	0.54487	0.49648	0.045989	0.27967	0.057483	0.71868	0.10082	0.13967	0.94893	0.63209	0.37896	0.19522	0.092502	0.032459
561.76	0.099799	0.26716	0.16912	0.14481	0.19267	0.43063	0.29296	0.090211	0.10494	0.048082	0.53687	0.50743	0.04544	0.26847	0.058773	0.72245	0.10029	0.12994	0.9505	0.63234	0.37937	0.19562	0.092386	0.03243
564.95	0.10411	0.27045	0.16484	0.1392	0.18796	0.41561	0.32046	0.088725	0.10738	0.048507	0.52773	0.51934	0.045088	0.25691	0.06091	0.7259	0.10138	0.12147	0.95184	0.63239	0.37987	0.19591	0.092211	0.032398
568.14	0.10882	0.27978	0.16139	0.13466	0.1845	0.40035	0.351	0.08762	0.11192	0.049433	0.51755	0.53196	0.044812	0.24491	0.063918	0.72951	0.1048	0.11407	0.95216	0.63283	0.38065	0.1964	0.092026	0.032364
571.34	0.11446	0.29661	0.15895	0.13132	0.18284	0.38461	0.38605	0.086975	0.12119	0.051084	0.50622	0.54519	0.044654	0.23315	0.067895	0.73345	0.11074	0.10777	0.95326	0.63377	0.38193	0.19724	0.091828	0.032346
574.53	0.12137	0.31981	0.1572	0.12893	0.18325	0.36829	0.42554	0.086547	0.13668	0.053573	0.49436	0.55834	0.044554	0.22092	0.073118	0.73757	0.12077	0.10244	0.95481	0.63427	0.38318	0.19826	0.091733	0.032264
577.72	0.12825	0.34833	0.15585	0.12649	0.18537	0.35138	0.46667	0.086231	0.15956	0.056911	0.48011	0.57059	0.044499	0.20795	0.080048	0.74043	0.13626	0.097909	0.95495	0.63406	0.38363	0.19873	0.09161	0.032221
580.91	0.13466	0.38108	0.15499	0.12457	0.18972	0.33425	0.50726	0.08619	0.19081	0.061173	0.4649	0.58235	0.044404	0.19471	0.089257	0.74261	0.15711	0.094098	0.95496	0.63376	0.38358	0.199	0.091514	0.032168
584.1	0.14041	0.41556	0.15461	0.1232	0.19578	0.31691	0.5456	0.086314	0.22963	0.066294	0.44867	0.59321	0.044362	0.18155	0.10127	0.7448	0.18327	0.090797	0.95508	0.63354	0.38379	0.19929	0.091452	0.032107
587.29	0.1453	0.44925	0.15442	0.12185	0.20278	0.29979	0.57961	0.086438	0.27357	0.071936	0.43117	0.60316	0.044329	0.16856	0.11885	0.74677	0.21399	0.087839	0.95476	0.63315	0.38387	0.19947	0.091282	0.032083
590.49	0.14914	0.47991	0.15394	0.12037	0.21023	0.28323	0.60811	0.086713	0.3204	0.07764	0.41292	0.61165	0.044289	0.15656	0.1419	0.74852	0.24757	0.08498	0.95479	0.63286	0.3839	0.19947	0.091082	0.032008
593.68	0.1519	0.50649	0.15305	0.11877	0.21807	0.26816	0.63051	0.086741	0.36753	0.082826	0.39481	0.61904	0.044219	0.14567	0.17073	0.74994	0.28324	0.082356	0.95453	0.63248	0.38372	0.19926	0.090781	0.031965
596.87	0.15372	0.5284	0.15158	0.11703	0.22618	0.2548	0.64666	0.086986	0.41212	0.087394	0.37735	0.62529	0.044213	0.13633	0.20527	0.75031	0.31996	0.079952	0.95424	0.63167	0.38341	0.19891	0.090468	0.031949
600.06	0.15465	0.54644	0.14955	0.11528	0.23397	0.24288	0.65648	0.087043	0.45297	0.091188	0.36209	0.63022	0.044191	0.12843	0.24565	0.75013	0.35746	0.077785	0.95382	0.63074	0.38278	0.19836	0.090176	0.031941
603.25	0.15517	0.56172	0.14752	0.11391	0.2412	0.23334	0.66164	0.087107	0.48907	0.094184	0.34953	0.63458	0.044153	0.12231	0.29115	0.74981	0.39499	0.07601	0.9534	0.63001	0.38228	0.19797	0.08986	0.031896
606.44	0.15585	0.57476	0.14575	0.11316	0.24657	0.22602	0.66375	0.086796	0.51968	0.096986	0.33927	0.63822	0.044164	0.1176	0.3399	0.74952	0.43136	0.074709	0.9532	0.62939	0.38194	0.19781	0.089358	0.03187
609.64	0.15699	0.58623	0.14412	0.11274	0.24933	0.22029	0.66398	0.086663	0.54485	0.099558	0.33109	0.64115	0.044259	0.11412	0.38926	0.74935	0.46497	0.073901	0.95337	0.62921	0.38176	0.19758	0.089	0.031942
612.83	0.15855	0.59587	0.14259	0.11265	0.24947	0.21545	0.66293	0.086479	0.56465	0.10189	0.32444	0.64287	0.044417	0.11135	0.43621	0.74933	0.49472	0.073257	0.95338	0.62875	0.38124	0.19707	0.088741	0.031895
616.02	0.1605	0.60436	0.1412	0.11302	0.24801	0.21181	0.66138	0.086438	0.58028	0.10394	0.31951	0.64467	0.044604	0.10918	0.47816	0.75008	0.52033	0.072802	0.95368	0.62807	0.38068	0.19649	0.088387	0.031876
619.21	0.16275	0.61227	0.14006	0.11379	0.24639	0.20903	0.65916	0.086517	0.59232	0.10579	0.31585	0.64647	0.044834	0.10742	0.51408	0.75215	0.54205	0.072561	0.95386	0.62722	0.38008	0.19602	0.087892	0.031904
622.4	0.16557	0.6199	0.13929	0.11493	0.2459	0.20679	0.6568	0.08703	0.60118	0.10766	0.31325	0.64777	0.04513	0.10611	0.54376	0.75458	0.56129	0.072371	0.95393	0.6263	0.37939	0.19546	0.087601	0.031892
625.59	0.16893	0.62757	0.13906	0.11634	0.2475	0.20489	0.65402	0.087956	0.60777	0.10957	0.31114	0.64888	0.045474	0.10503	0.56734	0.75687	0.5795	0.072217	0.95384	0.62543	0.37871	0.19489	0.087267	0.031907
628.79	0.17256	0.63534	0.13933	0.11804	0.25151	0.20327	0.65149	0.089391	0.61281	0.11158	0.30935	0.64992	0.045828	0.10415	0.58568	0.75923	0.59772	0.072073	0.954	0.62489	0.37813	0.1944	0.086827	0.031897
631.98	0.17634	0.64363	0.13997	0.11969	0.25753	0.20153	0.6487	0.091378	0.61637	0.1136	0.30727	0.65033	0.046254	0.10333	0.59953	0.76113	0.61596	0.071957	0.95422	0.62453	0.37763	0.19385	0.086534	0.031842
635.17	0.17999	0.65164	0.14108	0.12121	0.2657	0.19952	0.64571	0.093584	0.61825	0.11569	0.30498	0.6505	0.046723	0.10231	0.60938	0.76206	0.63501	0.071898	0.9543	0.62355	0.37674	0.19318	0.086308	0.031781
638.36	0.18357	0.65943	0.14276	0.1226	0.27611	0.19768	0.64208	0.096133	0.61931	0.11782	0.30269	0.65071	0.047223	0.10121	0.61649	0.76256	0.65529	0.072087	0.9544	0.62226	0.37572	0.19237	0.086064	0.03174
641.55	0.18696	0.66779	0.14511	0.12419	0.28896	0.19619	0.638	0.099193	0.62029	0.12026	0.30096	0.65155	0.047733	0.10022	0.62201	0.76303	0.67656	0.072458	0.95489	0.62125	0.37475	0.19177	0.085804	0.03172
644.74	0.19028	0.67699	0.14797	0.12578	0.30385	0.19488	0.63402	0.1029	0.62092	0.1232	0.29981	0.65227	0.048298	0.099676	0.62625	0.76333	0.69828	0.072954	0.95509	0.62045	0.37399	0.19125	0.085443	0.031707
647.94	0.19361	0.68678	0.15106	0.12709	0.32027	0.19393	0.63125	0.10687	0.62135	0.12629	0.29956	0.65287	0.048953	0.099251	0.62971	0.76344	0.71992	0.073564	0.95535	0.6197	0.37326	0.19059	0.0851	0.031708
651.13	0.19671	0.69714	0.15436	0.12818	0.33761	0.19366	0.62938	0.11116	0.62163	0.12963	0.30022	0.65325	0.049691	0.099156	0.63247	0.76373	0.7406	0.074282	0.95552	0.61904	0.37256	0.18997	0.084892	0.031677
654.32	0.19951	0.70769	0.15758	0.12927	0.35524	0.19428	0.62892	0.11592	0.62147	0.1335	0.30216	0.65383	0.050453	0.099592	0.63455	0.76446	0.75974	0.075116	0.95585	0.61853	0.37183	0.18944	0.084704	0.031638
657.51	0.20176	0.71861	0.16081	0.12996	0.37202	0.19575	0.63005	0.12107	0.62159	0.13775	0.30537	0.65424	0.051257	0.10047	0.63642	0.76527	0.7766	0.075996	0.95581	0.61789	0.37125	0.18883	0.084516	0.031626
660.7	0.20313	0.72912	0.16323	0.13009	0.38698	0.19799	0.632	0.12648	0.62122	0.14258	0.30956	0.65445	0.052127	0.10175	0.63746	0.76455	0.79064	0.076787	0.95521	0.61656	0.37034	0.18813	0.084411	0.03161
663.89	0.20285	0.73879	0.16435	0.12932	0.39976	0.20024	0.63395	0.13188	0.62011	0.14767	0.31463	0.65376	0.052987	0.10311	0.63792	0.76149	0.80179	0.077198	0.95319	0.61489	0.36907	0.18726	0.084382	0.031591
667.09	0.20231	0.75014	0.16533	0.12877	0.40945	0.20435	0.63747	0.13886	0.61971	0.15423	0.32052	0.65427	0.053751	0.10568	0.63875	0.75683	0.81125	0.077374	0.95293	0.61412	0.36836	0.1869	0.084135	0.031455
670.28	0.2006	0.76093	0.1653	0.1274	0.41624	0.20823	0.64119	0.14595	0.61941	0.16122	0.32655	0.6543	0.05455	0.10815	0.63954	0.74912	0.81861	0.077344	0.95216	0.61343	0.36763	0.1865	0.083924	0.031436
673.47	0.19814	0.77141	0.16467	0.12549	0.42013	0.21221	0.64553	0.15356	0.61896	0.16862	0.33221	0.65399	0.055328	0.11074	0.6402	0.73791	0.82399	0.077048	0.95174	0.61276	0.36696	0.18577	0.083642	0.031379
676.66	0.19555	0.78196	0.16384	0.12369	0.42161	0.21626	0.65061	0.16183	0.6184	0.177	0.3376	0.65365	0.056167	0.11364	0.64091	0.72578	0.82792	0.076633	0.95231	0.61211	0.36646	0.18527	0.083461	0.031306
679.85	0.19287	0.79247	0.16256	0.12156	0.42157	0.22017	0.65592	0.17055	0.61774	0.18587	0.34274	0.65357	0.057012	0.11631	0.64137	0.71538	0.83134	0.076149	0.95298	0.61093	0.36548	0.18464	0.083155	0.031258
683.04	0.19032	0.80294	0.161	0.11958	0.42086	0.22412	0.66132	0.17988	0.61693	0.19562	0.34786	0.65405	0.057851	0.11882	0.6418	0.71003	0.83479	0.075631	0.95344	0.60977	0.36446	0.18395	0.083036	0.03125
686.24	0.18827	0.81374	0.15935	0.11789	0.42032	0.22805	0.66683	0.19012	0.61626	0.20643	0.35344	0.6555	0.058832	0.12146	0.64243	0.71076	0.83903	0.07499	0.954	0.60905	0.36369	0.18335	0.082748	0.031219
689.43	0.18689	0.82454	0.15747	0.11662	0.42007	0.23173	0.67286	0.20139	0.61591	0.21826	0.35893	0.65704	0.059958	0.1242	0.6431	0.71667	0.8434	0.074234	0.95413	0.60832	0.36312	0.18294	0.082577	0.031223
692.62	0.18606	0.83528	0.15524	0.11562	0.42037	0.2352	0.67883	0.21353	0.61555	0.23107	0.3643	0.65865	0.061187	0.12673	0.64367	0.7259	0.84791	0.07336	0.95425	0.60753	0.36249	0.18248	0.082307	0.031231
695.81	0.18578	0.84572	0.15264	0.11469	0.42131	0.23799	0.68454	0.22646	0.61516	0.24457	0.36893	0.66025	0.062613	0.12893	0.64416	0.73648	0.85258	0.072398	0.95403	0.60676	0.36175	0.18186	0.082013	0.031218
699	0.18609	0.85563	0.14991	0.11422	0.42299	0.2403	0.68962	0.24043	0.6145	0.25916	0.37279	0.66153	0.064222	0.13079	0.64452	0.74674	0.85718	0.071424	0.95351	0.60581	0.36104	0.18129	0.081882	0.0312
702.19	0.18683	0.8649	0.14733	0.11399	0.42534	0.24151	0.69416	0.25541	0.61399	0.27442	0.375	0.66273	0.066063	0.13196	0.64522	0.75573	0.86176	0.070592	0.95313	0.60499	0.36048	0.1808	0.081586	0.031182
705.39	0.18806	0.87351	0.14527	0.11384	0.42847	0.24164	0.69771	0.27131	0.61344	0.2898	0.37557	0.6636	0.068146	0.13241	0.64573	0.76301	0.86604	0.070051	0.95277	0.6042	0.35979	0.18018	0.081395	0.031169
708.58	0.18999	0.88122	0.14401	0.11412	0.43237	0.24035	0.70011	0.28793	0.61281	0.30503	0.37432	0.66418	0.070513	0.13188	0.64603	0.76866	0.86995	0.069915	0.95255	0.60318	0.35891	0.17961	0.08122	0.031126
711.77	0.19247	0.88823	0.14399	0.11469	0.43761	0.23806	0.70118	0.30542	0.61215	0.3197	0.37173	0.66481	0.073127	0.13064	0.64636	0.77288	0.87324	0.070268	0.95253	0.60249	0.35803	0.17895	0.081059	0.03109
714.96	0.19553	0.8946	0.14515	0.11568	0.44418	0.23492	0.70136	0.32374	0.61143	0.33387	0.36789	0.66561	0.076013	0.12878	0.64647	0.77626	0.87634	0.071077	0.95252	0.6016	0.35707	0.17838	0.080841	0.031071
718.15	0.19904	0.90021	0.14761	0.1168	0.45185	0.23165	0.70058	0.34244	0.61082	0.34704	0.36372	0.66626	0.079135	0.12671	0.64686	0.77916	0.87929	0.072357	0.95252	0.60069	0.35636	0.17772	0.080697	0.031064
721.34	0.20317	0.90529	0.15114	0.11835	0.46056	0.22893	0.69973	0.36138	0.61024	0.35934	0.36024	0.66693	0.082704	0.12504	0.64728	0.78174	0.88169	0.074068	0.95267	0.59984	0.35575	0.17728	0.080513	0.031044
724.54	0.208	0.90977	0.15573	0.12004	0.47051	0.22698	0.69969	0.38032	0.60955	0.37084	0.35809	0.66722	0.086665	0.124	0.64764	0.7842	0.88366	0.076304	0.9531	0.59916	0.3551	0.17669	0.080294	0.03105
727.73	0.21385	0.91377	0.16148	0.12212	0.48233	0.22637	0.70099	0.39903	0.60899	0.38221	0.35798	0.66722	0.091624	0.12395	0.64804	0.78635	0.88549	0.079077	0.95366	0.59848	0.35436	0.17613	0.080018	0.030998
730.92	0.22092	0.91704	0.16859	0.12473	0.49673	0.22747	0.70367	0.41728	0.60848	0.39365	0.36028	0.66718	0.097934	0.12511	0.64855	0.78814	0.88711	0.082703	0.95437	0.5975	0.35365	0.17548	0.079881	0.030982
734.11	0.22957	0.91996	0.17714	0.12787	0.51409	0.23029	0.7079	0.43478	0.60798	0.40564	0.36499	0.66718	0.10604	0.12759	0.64888	0.79019	0.88859	0.087365	0.95511	0.59662	0.35297	0.17496	0.079697	0.030973
737.3	0.23979	0.92243	0.18721	0.13149	0.53438	0.23448	0.71325	0.45109	0.60739	0.41798	0.3717	0.66695	0.11588	0.13122	0.64906	0.7919	0.8897	0.09328	0.95584	0.59579	0.35216	0.17437	0.079453	0.030948
740.49	0.25177	0.92481	0.19913	0.13557	0.558	0.24007	0.71938	0.46637	0.60669	0.43087	0.38023	0.66671	0.12776	0.1361	0.64946	0.79358	0.89086	0.10053	0.95655	0.59501	0.35143	0.17382	0.079249	0.030884
743.69	0.2652	0.92675	0.21267	0.14009	0.58426	0.24676	0.72615	0.48046	0.60613	0.44415	0.38986	0.66657	0.14186	0.14203	0.64988	0.79523	0.89192	0.10969	0.95734	0.59429	0.35072	0.17328	0.079063	0.030867
746.88	0.27987	0.92844	0.22727	0.1448	0.61252	0.25388	0.73294	0.4931	0.60529	0.45709	0.39993	0.66609	0.15795	0.14864	0.64995	0.79666	0.89272	0.12201	0.95779	0.59344	0.34986	0.17259	0.078858	0.030818
750.07	0.29503	0.92987	0.24232	0.14953	0.64134	0.26085	0.73925	0.50446	0.6047	0.46975	0.40977	0.66555	0.17569	0.15538	0.65008	0.79807	0.89319	0.1372	0.95825	0.59257	0.34917	0.172	0.078637	0.030783
753.26	0.30998	0.9311	0.25638	0.15387	0.66933	0.26709	0.74466	0.51452	0.6039	0.48129	0.41863	0.66452	0.19418	0.16189	0.65015	0.79883	0.89371	0.15381	0.9586	0.59181	0.34822	0.17133	0.078454	0.030737
756.45	0.32393	0.9321	0.26865	0.15771	0.69517	0.27234	0.74911	0.5232	0.60301	0.49183	0.42599	0.66317	0.21283	0.16772	0.65029	0.7994	0.89389	0.17051	0.95859	0.5908	0.34723	0.17066	0.078177	0.030689
759.64	0.33663	0.93274	0.27846	0.16118	0.71833	0.27654	0.75321	0.53056	0.60219	0.5015	0.43168	0.66224	0.23133	0.17251	0.65018	0.79974	0.89367	0.18631	0.95843	0.58942	0.34619	0.16999	0.077911	0.030648
762.84	0.34778	0.93316	0.28566	0.16396	0.73884	0.27932	0.75646	0.53661	0.60122	0.5105	0.4353	0.66174	0.24905	0.17589	0.64997	0.79956	0.89301	0.20001	0.95821	0.58812	0.34518	0.16914	0.07764	0.030645
766.03	0.35729	0.93353	0.29063	0.1662	0.75668	0.28072	0.75915	0.54175	0.60025	0.51944	0.43718	0.66147	0.26621	0.17779	0.64977	0.79928	0.89216	0.21079	0.95784	0.58681	0.34414	0.16826	0.077385	0.030684
769.22	0.36552	0.93415	0.29411	0.1682	0.77241	0.28105	0.76147	0.54644	0.59939	0.52904	0.43756	0.66125	0.28313	0.17882	0.64967	0.79901	0.8915	0.21895	0.95751	0.58587	0.34332	0.16772	0.077116	0.030652
772.41	0.37236	0.93473	0.29639	0.16972	0.78618	0.28048	0.76444	0.55021	0.59865	0.53905	0.43703	0.6608	0.29976	0.17883	0.64972	0.79897	0.8907	0.22469	0.95781	0.58477	0.34233	0.16705	0.076853	0.030656
775.6	0.37841	0.93522	0.29768	0.17094	0.79857	0.27976	0.76785	0.55339	0.59752	0.54964	0.43596	0.66034	0.31634	0.17883	0.64968	0.79871	0.88987	0.22882	0.95813	0.58382	0.34136	0.16628	0.076595	0.030619
778.79	0.38364	0.93541	0.29847	0.17196	0.81008	0.2798	0.77174	0.55625	0.59667	0.56038	0.43577	0.65976	0.33303	0.17937	0.64959	0.79828	0.88921	0.2325	0.95811	0.58289	0.34046	0.16552	0.076383	0.030607
781.99	0.3879	0.93522	0.29877	0.1728	0.82102	0.2808	0.77568	0.5586	0.59571	0.57121	0.43689	0.65892	0.34952	0.18084	0.6492	0.7975	0.88924	0.23593	0.95783	0.58165	0.3394	0.16467	0.07617	0.030615
785.18	0.39124	0.9346	0.29904	0.17361	0.83121	0.28334	0.7796	0.56044	0.59488	0.5825	0.44037	0.65802	0.3657	0.18389	0.64878	0.79703	0.88909	0.23976	0.95711	0.58042	0.33853	0.16396	0.076036	0.030628
788.37	0.39359	0.93416	0.29916	0.17432	0.84037	0.28747	0.78417	0.5623	0.5942	0.59398	0.44595	0.65719	0.38132	0.18886	0.64864	0.79694	0.88941	0.24444	0.95607	0.57908	0.33756	0.16343	0.075881	0.030587
791.56	0.39514	0.9336	0.2992	0.17483	0.84813	0.29355	0.78923	0.56402	0.59347	0.60512	0.45365	0.65617	0.39595	0.19592	0.64857	0.79678	0.88957	0.25011	0.955	0.57813	0.33673	0.16283	0.075754	0.030565
794.75	0.39587	0.9332	0.29905	0.17506	0.85531	0.30125	0.79462	0.5656	0.59276	0.61575	0.46356	0.6551	0.40942	0.20485	0.64843	0.79658	0.8902	0.25661	0.95408	0.57709	0.33581	0.1621	0.075658	0.030538
797.94	0.39592	0.93235	0.2988	0.17531	0.86133	0.3107	0.7997	0.56686	0.59177	0.62572	0.47525	0.65418	0.42205	0.21579	0.6482	0.79643	0.89082	0.26407	0.95327	0.57589	0.33495	0.16149	0.075568	0.030551
801.14	0.39519	0.93138	0.29831	0.17546	0.86622	0.32145	0.80475	0.56781	0.59056	0.63521	0.48807	0.65323	0.43355	0.22853	0.64789	0.79675	0.89149	0.27218	0.95227	0.57462	0.33405	0.16098	0.075474	0.030565
804.33	0.39405	0.93045	0.29815	0.17579	0.87065	0.33345	0.80925	0.56872	0.5896	0.64463	0.50218	0.65235	0.44405	0.24318	0.64765	0.79746	0.892	0.28121	0.95124	0.57337	0.33311	0.16066	0.075397	0.030535
807.52	0.3928	0.92973	0.29795	0.1758	0.87445	0.34648	0.81362	0.56979	0.58871	0.65316	0.517	0.65159	0.45373	0.25943	0.64772	0.79796	0.8925	0.29079	0.95064	0.57221	0.33245	0.16022	0.075295	0.030515
810.71	0.39134	0.92921	0.29784	0.17581	0.87744	0.36038	0.81818	0.57099	0.58824	0.66112	0.5322	0.65073	0.46276	0.27716	0.64798	0.79858	0.89297	0.30074	0.94997	0.57144	0.33196	0.15974	0.075173	0.03051
813.9	0.39001	0.92927	0.29768	0.17554	0.88017	0.37454	0.82288	0.57259	0.58794	0.66848	0.54762	0.6499	0.47134	0.2964	0.64824	0.79892	0.89314	0.31091	0.94959	0.57065	0.33131	0.15909	0.07504	0.030503
817.09	0.38895	0.92969	0.29773	0.17561	0.88244	0.38974	0.82702	0.57442	0.58763	0.67531	0.56271	0.64908	0.47958	0.31702	0.64881	0.79951	0.89303	0.32145	0.94983	0.57021	0.33089	0.15868	0.074901	0.030471
820.29	0.38791	0.93057	0.29773	0.17552	0.88426	0.40538	0.83125	0.57648	0.58751	0.68174	0.57758	0.64839	0.48726	0.33869	0.64944	0.80043	0.89313	0.33213	0.95029	0.56991	0.33043	0.15811	0.074741	0.030489
823.48	0.3867	0.93094	0.29755	0.17512	0.88573	0.421	0.83473	0.57829	0.58717	0.68732	0.59202	0.64773	0.49409	0.36113	0.64992	0.80077	0.893	0.34249	0.95038	0.56943	0.33009	0.15744	0.074622	0.030506
826.67	0.38573	0.93148	0.29742	0.17482	0.88727	0.43705	0.83821	0.58054	0.58711	0.69234	0.60602	0.64696	0.50071	0.38429	0.65041	0.80083	0.89288	0.35298	0.95106	0.56928	0.3297	0.15675	0.074466	0.030494
829.86	0.38474	0.93222	0.29718	0.17437	0.88854	0.45327	0.84126	0.58283	0.58707	0.69693	0.61944	0.64631	0.50702	0.40761	0.65087	0.80076	0.89292	0.36275	0.95158	0.56886	0.32918	0.15609	0.074382	0.0305
833.05	0.38362	0.93236	0.29696	0.17394	0.88963	0.46929	0.84359	0.58461	0.58682	0.70084	0.63231	0.64578	0.51259	0.43096	0.65099	0.80068	0.89281	0.37225	0.9513	0.56814	0.32874	0.15558	0.074276	0.030503
836.24	0.38255	0.93239	0.2967	0.17356	0.89075	0.48496	0.84542	0.58638	0.58611	0.70494	0.64435	0.64504	0.51786	0.45385	0.65087	0.80062	0.89248	0.38092	0.95098	0.56733	0.32809	0.15524	0.074214	0.030541
839.44	0.38153	0.93254	0.29635	0.17306	0.89164	0.50013	0.847	0.5882	0.58537	0.70866	0.65541	0.64435	0.52285	0.47623	0.65092	0.80073	0.8924	0.38924	0.95023	0.56663	0.32751	0.15478	0.074069	0.03052
842.63	0.38073	0.9324	0.29601	0.17247	0.89237	0.51474	0.84841	0.59003	0.58472	0.71182	0.66525	0.64368	0.52742	0.49778	0.65078	0.80042	0.89201	0.39695	0.94961	0.56579	0.32687	0.15459	0.073951	0.030552
845.82	0.38037	0.9321	0.2957	0.17216	0.89263	0.52887	0.84963	0.59191	0.58421	0.71474	0.67451	0.64339	0.53188	0.51831	0.6505	0.80003	0.89141	0.40433	0.94896	0.5651	0.32624	0.1546	0.073831	0.03056
849.01	0.3801	0.93187	0.29536	0.17193	0.89289	0.54251	0.85058	0.59396	0.58356	0.71762	0.68318	0.64304	0.53621	0.53778	0.65033	0.79948	0.89091	0.41104	0.9484	0.56428	0.32566	0.15476	0.073721	0.030524
852.2	0.37995	0.93155	0.29493	0.17209	0.89285	0.55516	0.85143	0.59595	0.58284	0.72037	0.69085	0.64271	0.54021	0.55614	0.6502	0.79925	0.89044	0.41702	0.94814	0.56378	0.32501	0.15485	0.07362	0.030556
855.39	0.37951	0.93106	0.29459	0.1725	0.89274	0.56689	0.85193	0.59801	0.58239	0.72269	0.69773	0.64226	0.54387	0.57312	0.65017	0.79871	0.88974	0.42256	0.94739	0.56314	0.32433	0.15474	0.073562	0.030622
858.59	0.37942	0.93035	0.2942	0.17254	0.89264	0.57743	0.85157	0.59999	0.5817	0.72488	0.70384	0.64195	0.54721	0.58861	0.64997	0.79813	0.88928	0.42744	0.94627	0.56245	0.3235	0.15439	0.073456	0.030616
861.78	0.37962	0.9302	0.29384	0.1725	0.89299	0.5876	0.85178	0.6023	0.58119	0.72717	0.7093	0.64217	0.55075	0.60323	0.65	0.798	0.8889	0.43194	0.94568	0.5617	0.32291	0.15413	0.073373	0.030607
864.97	0.3801	0.93044	0.29363	0.1725	0.89374	0.59697	0.85252	0.60488	0.58066	0.73	0.71444	0.64236	0.55457	0.61674	0.65042	0.79842	0.88904	0.43599	0.9457	0.56092	0.32261	0.15377	0.073308	0.030623
868.16	0.38115	0.93078	0.29348	0.17241	0.89444	0.60513	0.85341	0.60793	0.58039	0.73292	0.71914	0.64266	0.55862	0.62922	0.65101	0.79883	0.88934	0.43978	0.94538	0.56035	0.32234	0.15335	0.073204	0.030614
871.35	0.38209	0.93092	0.29318	0.17222	0.89465	0.61214	0.85355	0.61073	0.58005	0.73545	0.72313	0.64287	0.56225	0.64016	0.65129	0.79892	0.88935	0.44299	0.94536	0.55986	0.32173	0.15296	0.073081	0.030611
874.54	0.38326	0.93063	0.29284	0.17192	0.8947	0.61882	0.85394	0.6136	0.57967	0.73776	0.7265	0.64274	0.56569	0.64998	0.65153	0.79891	0.88914	0.4458	0.94474	0.5591	0.32117	0.15251	0.072982	0.030575
877.74	0.38453	0.93025	0.29248	0.17172	0.89477	0.62458	0.85418	0.61632	0.57913	0.73998	0.72949	0.64231	0.56902	0.65863	0.65162	0.79902	0.88862	0.44786	0.9443	0.55822	0.3206	0.15223	0.072934	0.030607
880.93	0.3861	0.92977	0.29205	0.17135	0.89468	0.6299	0.85417	0.61941	0.57884	0.74213	0.73259	0.6425	0.57222	0.66641	0.65151	0.79907	0.88846	0.44996	0.9436	0.55734	0.31982	0.1519	0.072771	0.030619
884.12	0.38801	0.92935	0.29167	0.17107	0.89446	0.6339	0.85432	0.62262	0.57861	0.74435	0.73518	0.6424	0.5754	0.67351	0.65184	0.79886	0.88824	0.45143	0.94304	0.55675	0.31915	0.15156	0.072702	0.030665
887.31	0.39018	0.92948	0.29118	0.17086	0.89433	0.63802	0.85456	0.62575	0.57832	0.74647	0.73734	0.6423	0.57886	0.68017	0.6521	0.79892	0.88828	0.45255	0.94258	0.55639	0.31853	0.15125	0.072611	0.030698
890.5	0.39238	0.92961	0.29025	0.17081	0.89433	0.64179	0.85471	0.62913	0.57792	0.74899	0.73952	0.64237	0.58207	0.68623	0.65244	0.79929	0.88856	0.4533	0.94258	0.55585	0.31763	0.151	0.072542	0.030696
893.69	0.39516	0.9298	0.28954	0.17061	0.89463	0.64498	0.85527	0.63255	0.57797	0.75174	0.74152	0.64273	0.58542	0.69169	0.6528	0.79976	0.8888	0.45421	0.94222	0.55524	0.31671	0.15084	0.072422	0.030788
896.89	0.39792	0.92965	0.28894	0.17046	0.89493	0.64741	0.85535	0.63593	0.57763	0.75402	0.74295	0.64268	0.58853	0.69637	0.65286	0.79991	0.88912	0.4544	0.94185	0.55451	0.31535	0.15059	0.072329	0.030747
900.08	0.40101	0.92943	0.28904	0.17018	0.89514	0.65028	0.85524	0.63933	0.57716	0.75631	0.7443	0.64308	0.59173	0.70069	0.65316	0.8002	0.88902	0.45494	0.94138	0.55368	0.31437	0.15027	0.072288	0.030762
903.27	0.40415	0.92958	0.28928	0.16997	0.89515	0.65296	0.8553	0.64309	0.5768	0.75849	0.74564	0.64369	0.59479	0.70476	0.65312	0.80017	0.88881	0.45509	0.94097	0.55326	0.31394	0.14999	0.072152	0.030757
906.46	0.40713	0.92956	0.28955	0.1698	0.89532	0.6549	0.85532	0.64616	0.57615	0.76039	0.7469	0.6439	0.59745	0.70822	0.65323	0.79993	0.88926	0.45492	0.94063	0.55245	0.31339	0.14971	0.072121	0.030762
909.65	0.41065	0.9297	0.28935	0.16945	0.89526	0.65672	0.85524	0.64975	0.57556	0.76264	0.74779	0.64422	0.60038	0.71186	0.65324	0.8001	0.88928	0.45526	0.94021	0.55195	0.31291	0.14939	0.071977	0.030699
912.84	0.41476	0.93003	0.2895	0.16918	0.89584	0.65869	0.85535	0.65345	0.57532	0.76493	0.74888	0.64455	0.60361	0.71516	0.65368	0.80056	0.88951	0.45585	0.94022	0.55158	0.31277	0.14921	0.071981	0.030761
916.04	0.41888	0.9304	0.28991	0.1689	0.89627	0.66055	0.85593	0.65727	0.57515	0.76724	0.74999	0.64489	0.60688	0.71856	0.65387	0.80103	0.89026	0.45658	0.94048	0.55108	0.31288	0.14891	0.071951	0.030791
919.23	0.42318	0.93068	0.29055	0.16874	0.89637	0.66212	0.8561	0.66115	0.57492	0.76928	0.75077	0.64526	0.61016	0.72132	0.65423	0.80107	0.89045	0.45728	0.94046	0.55023	0.31302	0.14878	0.071947	0.030923
922.42	0.42786	0.93071	0.29094	0.16869	0.89639	0.66348	0.8567	0.66495	0.57423	0.77135	0.75126	0.64558	0.61341	0.72404	0.65446	0.80145	0.89048	0.45819	0.94038	0.54959	0.31324	0.14858	0.07187	0.03092
925.61	0.43227	0.93062	0.29118	0.16843	0.8964	0.66426	0.85677	0.66847	0.57384	0.77321	0.75188	0.64609	0.61667	0.72638	0.65466	0.80136	0.89095	0.45955	0.94011	0.54895	0.31422	0.14817	0.07183	0.030945
928.8	0.43695	0.93048	0.29125	0.16831	0.89643	0.66519	0.85671	0.67176	0.57337	0.77506	0.7525	0.64621	0.6195	0.72825	0.65479	0.80159	0.89093	0.46139	0.93925	0.54822	0.31469	0.14798	0.071832	0.031029
931.99	0.44128	0.93078	0.29128	0.1681	0.89642	0.66604	0.85652	0.67542	0.57297	0.77689	0.7533	0.64661	0.62255	0.73004	0.65484	0.80146	0.89067	0.46361	0.93886	0.54753	0.31464	0.14769	0.071773	0.031074
935.19	0.44577	0.93047	0.29124	0.16795	0.89565	0.66652	0.85647	0.67875	0.57227	0.77862	0.75352	0.64654	0.62546	0.73153	0.65464	0.80117	0.89043	0.46576	0.93802	0.54643	0.31425	0.14747	0.071816	0.031182
938.38	0.45089	0.93002	0.29119	0.16778	0.89599	0.66707	0.85634	0.68244	0.57169	0.78048	0.75415	0.64637	0.6282	0.73335	0.65462	0.80096	0.8901	0.46776	0.9373	0.54552	0.31389	0.14714	0.07173	0.03118
941.57	0.4562	0.9296	0.29125	0.1675	0.89549	0.66692	0.85615	0.68598	0.57089	0.78221	0.7545	0.64554	0.63111	0.73507	0.65456	0.80071	0.88971	0.46919	0.93663	0.54422	0.31348	0.14662	0.071611	0.031251
944.76	0.462	0.92831	0.29106	0.16719	0.89497	0.66582	0.85535	0.68896	0.56973	0.78313	0.75503	0.64441	0.63346	0.73636	0.65399	0.79998	0.88909	0.46966	0.93512	0.54266	0.31305	0.14624	0.071691	0.031312
947.95	0.46867	0.92717	0.29087	0.16695	0.89461	0.66608	0.8553	0.69205	0.56772	0.78441	0.75552	0.64446	0.6358	0.73757	0.65327	0.79917	0.88838	0.47104	0.93344	0.54024	0.31268	0.14589	0.071701	0.031383
951.14	0.47559	0.92702	0.29101	0.16679	0.89579	0.66762	0.85541	0.69534	0.56546	0.7863	0.75598	0.64612	0.63817	0.73954	0.65321	0.79916	0.88878	0.47227	0.93314	0.53815	0.3126	0.14571	0.07163	0.031547
954.34	0.4816	0.92608	0.2911	0.16648	0.89497	0.66951	0.85494	0.69833	0.56407	0.78769	0.75565	0.64798	0.63952	0.74077	0.65243	0.79879	0.88787	0.47338	0.93175	0.53754	0.31229	0.14534	0.071544	0.03156
957.53	0.48793	0.92521	0.29102	0.16636	0.89449	0.6728	0.85473	0.70124	0.5641	0.78912	0.75533	0.65084	0.64004	0.74217	0.65117	0.79854	0.88753	0.4743	0.93051	0.53883	0.31205	0.1453	0.071658	0.031699
960.72	0.49365	0.92422	0.29091	0.16592	0.89376	0.67445	0.85426	0.70338	0.56474	0.79003	0.75385	0.65176	0.64178	0.74315	0.64955	0.7977	0.88729	0.47469	0.92923	0.53967	0.31152	0.14493	0.071674	0.031766
963.91	0.49987	0.92339	0.29089	0.16576	0.89276	0.67636	0.85386	0.70464	0.56593	0.79016	0.75224	0.65293	0.64434	0.74307	0.64862	0.79647	0.88619	0.47565	0.92805	0.54042	0.31132	0.14461	0.071565	0.031829
967.1	0.50556	0.92261	0.29088	0.1654	0.89083	0.67641	0.8537	0.7069	0.56531	0.79021	0.75165	0.65316	0.64734	0.74287	0.64892	0.79492	0.88448	0.47594	0.92647	0.53986	0.31095	0.14408	0.071465	0.031869
970.29	0.51176	0.92158	0.29104	0.16536	0.88892	0.67866	0.85179	0.70905	0.56541	0.78961	0.75284	0.65526	0.65072	0.74196	0.65052	0.79248	0.88231	0.47773	0.92499	0.53921	0.31099	0.14419	0.071711	0.032197
973.49	0.51761	0.92022	0.29105	0.16523	0.88524	0.68138	0.8491	0.71157	0.56542	0.7892	0.75451	0.65768	0.65314	0.74149	0.65205	0.79034	0.87858	0.47954	0.92278	0.53888	0.3109	0.14393	0.071725	0.03235
976.68	0.52309	0.91677	0.29096	0.1651	0.88677	0.68133	0.84636	0.71468	0.56489	0.78955	0.75577	0.65845	0.65527	0.7429	0.65217	0.79065	0.87904	0.48009	0.9184	0.53827	0.31059	0.14363	0.071821	0.032553
979.87	0.52887	0.91188	0.29106	0.16518	0.89273	0.67986	0.84462	0.71769	0.56425	0.79258	0.75829	0.65712	0.65791	0.74422	0.652	0.79269	0.88325	0.4794	0.91492	0.53756	0.31021	0.1437	0.072091	0.032648
983.06	0.53496	0.91112	0.29133	0.16559	0.89455	0.67873	0.8461	0.72135	0.56438	0.79574	0.75893	0.65642	0.66047	0.74585	0.65297	0.79497	0.88453	0.47897	0.91616	0.53761	0.31043	0.14406	0.072499	0.032964
986.25	0.54207	0.91516	0.29191	0.16592	0.89345	0.67886	0.84884	0.72576	0.56519	0.79797	0.75851	0.65635	0.66429	0.74773	0.65387	0.79586	0.88361	0.47834	0.92297	0.53888	0.31075	0.14422	0.072495	0.03315
989.44	0.55021	0.92248	0.29311	0.16635	0.89332	0.67912	0.85351	0.7327	0.56751	0.80075	0.75875	0.6567	0.67049	0.75271	0.65671	0.79756	0.88325	0.47794	0.93089	0.54186	0.31197	0.14459	0.072639	0.033204
992.64	0.55633	0.92433	0.29378	0.16657	0.89249	0.67885	0.85525	0.73746	0.56872	0.80215	0.75847	0.6566	0.6739	0.75464	0.65816	0.79772	0.88274	0.47755	0.93307	0.54302	0.31247	0.1446	0.07277	0.033417
995.83	0.56117	0.92387	0.29381	0.16656	0.89152	0.67888	0.85471	0.74038	0.56875	0.80319	0.75816	0.65675	0.67582	0.75512	0.65858	0.79769	0.8819	0.47732	0.93289	0.54286	0.31238	0.14443	0.072836	0.033664